[[1024 1024 1024 1024 1024 1024 1024 1024 1024 1024]
 [1024 1024 1024 1024 1024 1024 1024 1024 1024 1024]
 [1024 1024 1024 1024 1024 1024 1024 1024 1024 1024]
 [1024 1024 1024 1024 1024 1024 1024 1024 1024 1024]
 [1024 1024 1024 1024 1024 1024 1024 1024 1024 1024]
 [1024 1024 1024 1024 1024 1024 1024 1024 1024 1024]
 [1024 1024 1024 1024 1024 1024 1024 1024 1024 1024]
 [1024 1024 1024 1024 1024 1024 1024 1024 1024 1024]
 [1024 1024 1024 1024 1024 1024 1024 1024 1024 1024]
 [1024 1024 1024 1024 1024 1024 1024 1024 1024 1024]
 [1024 1024 1024 1024 1024 1024 1024 1024 1024 1024]
 [1024 1024 1024 1024 1024 1024 1024 1024 1024 1024]
 [1024 1024 1023 1024 1023 1024 1023 1024 1024 1024]
 [1024 1024 1023 1024 1024 1024 1023 1024 1024 1024]
 [1024 1024 1024 1024 1024 1024 1024 1024 1024 1024]
 [1024 1024 1024 1024 1024 1024 1024 1024 1024 1024]
 [1024 1024 1024 1024 1024 1024 1024 1024 1024 1024]
 [1024 1024 1024 1024 1024 1024 1024 1024 1024 1024]
 [1024 1024 1024 1024 1024 1024 1024 1024 1024 1024]
 [1024 1024 1024 1024 1024 1024 1024 1024 1024 1024]
 [1024 1024 1024 1024 1024 1024 1024 1024 1024 1024]
 [1024 1024 1024 1024 1024 1024 1024 1024 1024 1024]
 [1024 1024 1024 1024 1024 1024 1024 1024 1024 1024]
 [1024 1024 1024 1024 1024 1024 1024 1024 1024 1024]
 [1024 1024 1024 1024 1024 1024 1024 1024 1024 1024]
 [1024 1024 1024 1024 1024 1024 1024 1024 1024 1024]
 [1024 1024 1024 1024 1024 1024 1024 1024 1024 1024]
 [1024 1024 1024 1024 1024 1024 1024 1024 1024 1024]
 [1024 1024 1024 1024 1024 1024 1024 1024 1024 1024]
 [1024 1024 1024 1024 1024 1024 1024 1024 1024 1024]
 [1024 1024 1024 1024 1024 1024 1024 1024 1024 1024]
 [1024 1024 1024 1024 1024 1024 1024 1024 1024 1024]
 [1024 1024 1024 1024 1024 1024 1023 1024 1024 1024]
 [1024 1024 1023 1024 1030 1024 1012 1024 1024 1024]
 [1024 1024 1023 1024 1056 1023  983 1024 1024 1024]
 [1024 1024 1022 1023  897 1023 1067 1024 1023 1024]
 [1024 1019  932 1024  965 1024  897 1024 1024 1024]
 [1024 1023 1009 1024  968 1024 1078 1024 1023 1023]
 [1021 1023 1100 1024  992 1024  940 1023 1023 1023]
 [ 985 1024 1034 1024 1061 1024  983 1022 1023 1011]
 [ 728 1024  867 1024 1058 1023  931  997 1023  991]
 [ 969 1016  979 1022  993 1023 1029 1034 1024 1023]
 [1023 1018  917 1023  845 1023  783 1024 1018 1024]
 [1091  961  845 1021  893 1020  885 1024 1024 1009]
 [ 974  898  956 1023  767 1023  655 1023 1024 1018]
 [ 969 1021  761 1023  977 1017  913 1024 1024 1035]
 [1024 1023  988 1023 1023  948 1046 1024 1023 1024]
 [1024 1024 1007 1023  902 1024 1039 1024 1024 1024]
 [1023 1024 1024 1024 1026 1015 1072 1024 1024 1024]
 [1024 1024 1024 1024 1086 1024 1015 1024 1024 1024]
 [1024 1024 1024 1024  987 1024  948 1024 1024 1024]
 [1024 1024 1024 1024 1078 1023  987 1024 1024 1024]
 [1024 1024 1024 1024 1024 1024 1024 1024 1024 1024]
 [1024 1024 1024 1024 1024 1024 1024 1024 1024 1024]
 [1024 1024 1024 1024 1024 1024 1024 1024 1024 1024]
 [1024 1024 1024 1024 1024 1024 1024 1024 1024 1024]
 [1024 1024 1024 1024 1024 1024 1024 1024 1024 1024]
 [1024 1024 1024 1024 1024 1024 1024 1024 1024 1024]
 [1024 1024 1024 1024 1024 1024 1023 1024 1024 1024]
 [1023 1024 1024 1024 1040 1016 1030 1024 1024 1023]
 [1021 1024 1023 1024 1023 1024 1024 1024 1024 1023]
 [1024 1024 1023 1021 1035 1024 1028 1024 1024 1023]
 [1010 1023  979 1043 1056 1024  919 1024 1024 1024]
 [ 960 1024  986 1037 1011 1024 1001 1024 1024 1023]
 [ 978  988 1039 1024 1140 1023  958 1023 1024 1023]
 [1002 1037  699 1023  947 1024  604 1012 1024 1012]
 [1038  954  793 1122  815  930  745 1010 1017 1000]
 [1031  962  679  837  982  796  378  987 1018 1034]
 [1135 1080  618  804  860  877  552  990  964 1018]
 [ 789  959  623  894  655  966  336 1040  989 1047]
 [ 877  608  406 1064 1128  750  475 1046  982 1008]
 [ 846  477  664  886  892 1120  749 1037 1007 1023]
 [ 795  825  405  814  733  561  463 1012 1040 1003]
 [ 877  970  477  890  866  675  579 1024  967 1021]
 [ 996 1057  624  954  901  804  406 1023  916 1022]
 [ 972  836  627  921  916  887  611 1023 1046  994]
 [1007  916  834 1012  963  817  736 1024 1018 1026]
 [1006 1044  974  992  934  975  584 1023 1010 1024]
 [ 987 1024 1019 1046  878 1490 1182 1024 1025 1023]
 [1012 1023 1024 1024  932 1004  817 1024 1027 1023]
 [1024 1024 1030 1024  941 1016 1104 1024 1041 1024]
 [1024 1024 1098 1024 1024 1023 1044 1024 1023 1024]
 [1024 1024 1024 1024 1024 1024 1024 1024 1024 1024]
 [1024 1024 1024 1024 1024 1024 1024 1024 1024 1024]
 [1024 1024 1024 1024 1024 1024 1024 1024 1024 1024]
 [1024 1024 1024 1024 1024 1024 1024 1024 1024 1024]
 [1023 1035 1024 1023 1024 1024 1024 1024 1015 1024]
 [1019 1024 1023 1023 1037 1017 1011 1023 1023 1024]
 [1049 1024 1023 1017 1037 1005  986 1023 1023 1024]
 [1098 1027  952  979 1010 1056  890 1024 1022 1024]
 [1124 1023  857 1026  988 1019 1013 1024 1006 1023]
 [ 526 1002  829  373  939  972  540 1018  919 1023]
 [ 912  908  768  772  693 1013  681 1076  986 1024]
 [ 698  841  503  726 1091  848  701 1023  889 1027]
 [ 691 1204  685  445 1202  802  350 1002  866 1025]
 [ 522  792  483  598  625  708  313  894  605  937]
 [ 629  531  481  317  564  284  503 1041  572  910]
 [ 389  899  244  330  633  366  306  991  635  973]
 [ 769  443  282  619  444  205  541  945  451  867]
 [ 371  373  127  286  765  181  518  996  380  891]
 [ 784  503  311  399  624  491  235  991  547  818]
 [ 737  472  290  586  600  439  219 1027  424  979]
 [ 436  789  411  665  598  484  228 1018  703  952]
 [ 798 1105  284  402  503  633  486 1016  406 1018]
 [1053 1024  432  597  427  375  275 1017  745 1015]
 [ 933  562  508  971  701  519  701 1001  838 1024]
 [ 896  888  820  938  817  850  585 1021 1095 1024]
 [ 810 1003 1032  946  821 1003  496 1023  857 1024]
 [ 783  944  953 1082 1147  666  728 1024  970 1024]
 [1031 1059 1020 1024 1024  779 1184 1024  960 1024]
 [1023 1025 1023 1024 1024 1020  989 1024 1021 1024]
 [1024 1024 1024 1024 1024 1024 1024 1024 1024 1024]
 [1024 1024 1024 1024 1024 1024 1024 1024 1024 1024]
 [1024 1024 1024 1024 1024 1024 1024 1024 1024 1024]
 [1024 1028 1024 1025 1024 1017 1015 1024 1011 1024]
 [1022 1014 1051 1030 1024 1018 1015 1023 1023 1024]
 [1023 1062 1020  917  963  987  984 1019 1021 1024]
 [ 938 1359  794  643  801  961  912  946 1027 1023]
 [ 899  945  640  649  666  899 1044 1042  795 1023]
 [ 723  771  337  613  504  774  500  815  728 1004]
 [ 675  710  409  243  594  440  666  978  369 1062]
 [ 441  708  289  206  689  246  301  827  480  834]
 [ 436  852  349  376  546  323  535 1136  402  803]
 [ 212  296  200  180  285  212  272  997  202  637]
 [ 402  252  164  139  603  352  431 1017  107  775]
 [ 365  196  175  139  680  155  343  941  188  710]
 [ 172  338  131  158  394  233  239  820  101  557]
 [ 266  350  182  206  492  117  416  950  136  543]
 [ 300  314  137  127  391  159  123  968   82  555]
 [ 603  188  164  127  296  191  210  803  179 1119]
 [ 611  463  156  255  596  166  216  957  176  457]
 [ 219  325  147  350  394   88  327 1008  256  422]
 [ 517  252  352  123  505  181  492  999  420  747]
 [ 382  284  275  555  498  193  278  857  312  863]
 [ 506  996  560  676  621  514  315  910  221  884]
 [1002  835  903  699 1143  267  601 1023  544 1022]
 [ 994  850  862 1009 1013  476  447 1023  993 1024]
 [ 891  992  986 1024  997 1020  824 1024  969 1024]
 [1023 1005 1022 1024 1026  964  915 1024 1059 1024]
 [1024 1019 1028 1024 1023 1026 1031 1024 1001 1024]
 [1024 1024 1024 1024 1024 1024 1024 1024 1024 1024]
 [1024 1024 1024 1024 1024 1024 1024 1024 1024 1024]
 [1025 1019 1024 1025 1024 1028 1023 1024 1028 1024]
 [1006 1027  931  652 1021  934  864 1033 1024 1024]
 [1017  942  907  780  904  765  769  882 1006 1023]
 [1066  949  859  548  746  889  716  895  798 1024]
 [ 994 1064  505  282 1211  567  721 1047  474  998]
 [ 756  983  192  348  491  564  320  756  659  974]
 [ 733  448  223  135  433  385  291  725  162  649]
 [ 340  459  256  214  414  267  359  613  132  437]
 [ 292  529  187  172  344  171  591  391  212  342]
 [ 645  288  264  147  381  152  318  719   91  330]
 [ 538  238  187  183  305   73  414  371   95  192]
 [ 702  150  206  189  201   42  263  330   82  204]
 [ 323  241  232  121  443  132  143  353  160  148]
 [ 386  129   72  107  317  132  201  653  119  121]
 [ 327  231  136   86  435  114  212  240   94  156]
 [ 323  171   83  156  204  180  125  373  117  231]
 [ 315  168  125  166  485   98  114  587  153  274]
 [ 475  201  276  183  527  139  181  897  104  297]
 [ 381  240  250  310  329  160  338  511  144  385]
 [ 285  420  364  477  427  192  335 1023  266  290]
 [ 636  448  379  585  309  289  224  875  213  634]
 [ 263  460  698  438  655  173  355 1029  360  989]
 [ 545  859  892 1147  655  352  674 1026  584 1000]
 [ 906  746 1033 1024  576  727  785 1023  885 1035]
 [1027 1076 1015 1024 1086  870  982 1024 1094 1022]
 [1019  929 1027 1024 1024 1002 1063 1024 1029 1023]
 [1024 1024 1024 1024 1024 1024 1024 1024 1024 1024]
 [1024 1024 1022 1012 1024 1024 1024 1023 1023 1015]
 [ 990 1007 1024 1091 1034 1050 1027 1010 1017 1035]
 [1024 1027  815  819  989 1060  950  534 1015 1017]
 [1012  971  525  490  996  977  868  682  938  997]
 [ 774 1047  727  265  482  450  938  454  623  922]
 [ 611  429  461  222  865  293  967  545  551  717]
 [ 259  581  469  253  455  314  294  320  295  486]
 [ 328  486  140  192  265  243  330  266  125  480]
 [ 230  494   74   91  130  124  310  128  141  220]
 [ 298  407  238  129  216  157  273  367  114  237]
 [ 194  277  125  130  165   62  350  193   42  200]
 [ 255  179  161  171  317   83  143  148  156  190]
 [ 339  208  160   57  176  113  319  381  186  189]
 [ 243  288   97  137  218   41  215  130  100  118]
 [ 345  204   46  171  221   88  167  110  115  129]
 [ 200  155   96   98  303  117   70  261   67   69]
 [ 231  138  139  235  273   70  219  344  126  124]
 [ 133  320   69  148  242  149  279  171  144   75]
 [ 400  159  190  115  188  154  132  156  143  173]
 [ 243  308  226  221  248  126  151  290  178  262]
 [ 438  301  278  171  271  157  390  454  174  274]
 [ 184  249  270  449  280  136  377  872  164  504]
 [ 294  622  389  746  161  254  966  663  135  547]
 [ 717  651  756  656  308  388  912  942  398  990]
 [ 799  998 1109  983  782  430 1203  969  619  991]
 [ 984 1038 1023 1023  941  800  973 1023  938 1038]
 [ 999 1024 1024 1024 1024  983 1012 1023 1012 1024]
 [1024 1024 1024 1024 1024 1024 1024 1024 1024 1024]
 [1024 1003 1029 1032 1023 1024 1024 1016 1008 1011]
 [1024 1050 1125  937 1012  996 1037  935 1024 1030]
 [1023  986 1365 1000  766  793  931  979  991  943]
 [1021  779  488  666  855  611  767  570  689 1008]
 [1030  551  255  353  478  564 1648  514  452  622]
 [1040 1245  511  272  429  238  407  411  165  464]
 [ 474  666  433  156  436  405  280  317   94  235]
 [ 299  704  105   91  325  211  631  220  172  134]
 [ 337  380  137  273  141  143  376  295   89  234]
 [ 180  453  151  102  190  187  143  187  182   84]
 [ 183  208  139  172  192  159  218  208  176  156]
 [ 281  259  180   97  208   92  112  195   54  151]
 [ 132  328   62   88  122  131  188  193  142  124]
 [  75  198   88   88  178   57  117  182  131   79]
 [ 318  186  182  134  265   85  169  155   74  140]
 [ 214  257   99  148  136  111  223  117  122   80]
 [ 214  224  129  222  181   94  225  137  136  118]
 [ 384  117  136  158  208  174  372  182   41  172]
 [ 107  187  314  280  178  118  210  157  102  139]
 [ 285  382  291  117  266  187  264  200  111  162]
 [ 206  339  207  168  278  183  193  253   79  284]
 [ 624  364  208  281  250  164  311  558  173  383]
 [ 432  961  793  469  332  331 1028  306  473  300]
 [ 304  752  580  701  408  225  665 1533  364  664]
 [1065  799 1195 1010  786  385  617 1094  481  811]
 [ 995 1023  996 1022  794  936 1022 1013  795 1032]
 [1019 1023 1012 1024 1022  904 1064 1023  914 1024]
 [ 997 1024 1018 1024 1028 1023 1024 1032 1024 1033]
 [1023 1049 1002  980 1037 1023 1024  871 1016 1017]
 [1007 1062 1049  916 1155  968 1003  802 1022  972]
 [ 984 1018  831  722 1077  974  944 1077  877  857]
 [ 991  843  770  363  435  517  889  594  528 1176]
 [ 653  970  493  201  681  591  669  177  415  802]
 [ 482 1024  340  165  377  305  464  409  156  384]
 [ 161  716  282   91  142  173  225  359  363  416]
 [ 203  349  225  145  299  108  305  185   97  370]
 [ 240  353  139  122  168   72  331  190  181  121]
 [ 229  338  197  129  233   95  181  162  150  101]
 [ 176  375  137  173  249  134  206  176  143   92]
 [ 367  286  169  184  281  105  288  185  133   78]
 [ 154  277  164   94   77  154  284  158  170   62]
 [ 181  125  116  202   99  107  253  104  144  140]
 [ 135  232  183  101  239  148  296  192  192   74]
 [ 181  130  143  185  161   89  169  223   96  104]
 [ 129  251  180  155  244  175  229  129  108  112]
 [ 163  275  142  208  323  148  395  138  119  102]
 [ 199  178  143  158  383  220  162   83  100  159]
 [ 220  223  209  217  158  148  328  168  117  145]
 [ 175  255  221  172  196  184  713  111   58  121]
 [ 293  824  388  376  489  259  712  313  139  380]
 [ 211  478  590  492  287  115  462  429  124  228]
 [ 603  855  645  821  649  352  630  372  464  692]
 [ 762 1094  873 1050  715  403 1125  824  493 1296]
 [1055 1022  977 1023  909  514  998 1021  642 1013]
 [1022 1022 1012 1023 1023 1071 1028 1023  945 1023]
 [1024 1024 1024 1024 1009 1023 1024 1016 1024 1018]
 [1024 1024 1008 1019 1035 1024 1024 1049 1017 1027]
 [1051  999 1098 1020 1187 1024  974  769  941  950]
 [ 937 1011  986  589  731  960 1023 1029  858  759]
 [ 763  585  332  550  368 1168  677  533  888  792]
 [1128  982  684  428  672  282  896  410  170  633]
 [1215  479  157  183  443  625  208  240  259  335]
 [ 294  738  271  261  302  182  489  368  184  172]
 [ 202 1263  317  201  329  203  254  161  177   71]
 [ 407  678  150  227  252  135  341  164  144  154]
 [ 337  153  151  291  174  105  241  164  145  115]
 [ 230  135  176  135  254  121  181  192  108  128]
 [ 225  192  320  174  226  124  426  122   69  133]
 [ 157  258  204  266  215  111  222  113  101  148]
 [ 145  160  223  160  119  159  116  152  151  132]
 [ 276  244  173  132  270  139  156  149   83  129]
 [ 335  146  183  100  150  151  137  191  126  149]
 [  85   94  108  100  217  100  353  117   89   96]
 [ 125  199  136  133  257  107  371  126  110   41]
 [ 181  206  211  170  240  192  512  195  150  148]
 [ 282  433  429  210  147  232  271  162  155  206]
 [ 364  397  178   71  361  179  574  115  128  219]
 [ 229 1012  150  310  234  208  372  396  259  339]
 [ 296  853  469  627  316  119  534  465  157  419]
 [ 456  774  806  842  507  201  633  652  388  560]
 [1022  690 1019 1042  959  648  681  738  459  761]
 [ 921 1083  987 1023  852  968  908 1029  589 1012]
 [1023 1024 1024 1023 1016 1019 1018  916 1161 1025]
 [1024 1024 1024 1023 1017 1024 1024 1014 1024 1006]
 [1024 1023 1032  916 1001 1023 1024  970 1025 1076]
 [1154 1022  938  887  818 1017 1070  916 1039 1026]
 [ 859  940  933  781 1037  837 1010  863  494  754]
 [ 815  735  482  485  502  587  763  234  386  315]
 [ 421  954  252  399  353  591  464  481  338  416]
 [ 708 1239  253  164  201  426  564  218  276  239]
 [ 295  906  157  286  320  171  397  290  208  117]
 [ 238  271  106  292  179  213  121  262  178  237]
 [ 384  385  117  181  223  151  341  162  136  119]
 [ 236  265  207   91  163  128   88  174  104  103]
 [ 284  420  165  218   66  118  208  198   85  113]
 [ 376  171  289   80  268   74  268   83  174   94]
 [ 275  134  153   71  177  165  232  232  147  221]
 [ 199   94   61  134  219   57  161  120  182  122]
 [ 153  156  159  104  216   67  101  220  103  157]
 [ 495  148  189   40  135  116  164   75   94  138]
 [ 222  234  130  101  171  148  293   62  137   89]
 [ 298  233  217   99  172  187  469  117  134  127]
 [ 265  443   99   92  119  123  387  182  118  170]
 [ 257  522  292  121  176  201  391  206  165  107]
 [ 125  619  100  302  250  138  223  274  173  121]
 [ 362  712  319  570  236  232  266  236  199  275]
 [ 641  675  299  286  528  194  543  621  273  291]
 [ 236  907  750  951  619  281  479  493  334  955]
 [ 955  900  642 1013  612  691  591 1074  399  850]
 [ 946  920 1119 1023  989  700 1079  788  811  980]
 [1024 1023 1023 1023 1024 1036  979  926 1000 1018]
 [1024 1024 1023 1023 1023 1023 1024 1023 1024 1023]
 [ 991 1024 1009 1074 1037 1032 1024 1120 1036  926]
 [1024 1015 1002 1005  869  940 1024  768  988  677]
 [ 840 1092 1115  948  893  969  957  930 1077  478]
 [ 782 1118  366  537  666  769  852  271  563  216]
 [ 563 1469  290  426  265  328  570  316  396  135]
 [ 305  816  406  378  237  195  278  172  157  267]
 [ 263  856  104  316  300  226  231  165  183  142]
 [ 193  448  123  157   86  105  383  234  124  111]
 [ 309  514  154  255  128  116  204  125  112  162]
 [ 466  365  454  212  107   93  261  126   53  120]
 [ 195  403  118  205  197  124  162  273  125   71]
 [ 225  100  315  104  138  120  234   85   60  148]
 [ 324  236  100  199  286  117  144  379  174  178]
 [ 489  184  161  127  350  104  324  205   79  156]
 [ 426  145  132  150  206  170  310  203  114  189]
 [ 309  184  133  159  201   95  248  170  126  117]
 [ 281   96  145  126  207  239  164  225  135   64]
 [ 167  251   90  288  166  135  252  127  127  131]
 [ 216  514  101  143  200  159  194  163  207   50]
 [ 379  705  249  182  218  178  417  190  253  125]
 [ 366  576  249  320  331  318  261  246  246  169]
 [ 535  888  224  286  828  248  385  349  317  164]
 [ 223 1116  535  424  235  256  245  593  355  270]
 [ 795  820  526  986  719  267  360  720  217  845]
 [ 721  913 1092 1059  640  954 1182 1137  591 1034]
 [1185 1072  834 1023  880  837  994 1036  752  972]
 [1023 1016  980 1024 1020 1023 1079 1019 1030 1023]
 [1024 1024 1023 1024 1024 1024 1024 1023 1024 1024]
 [1024 1023 1028 1027 1007  958 1024  993 1009 1009]
 [1024 1026 1024  937  936  953 1023  674 1002  744]
 [ 835 1030 1188 1053  916  742  956  846  622  653]
 [ 565  961  381  303  437 1195  477  369  806  350]
 [ 355 1041  335  488  182  217  591  351  504  303]
 [ 412  999  613  318  388  196  538  292  131  165]
 [ 131  554  323  329  189  266  379  281  110  120]
 [ 508  731  271  210  152  175   87  195  203  172]
 [ 173  338  298  197  161  112  421  186  136   73]
 [ 338  434  242   61   94   56  204  193  107  130]
 [ 322  224   76  139  181   77  240  114  154   82]
 [ 282  215  103  103  271  108  230  131   88  136]
 [ 267  170  320  136  165   78  153  117   98  182]
 [ 307  131  152  182  288  111  203  104   83  159]
 [ 514  127  179   65  155  145  316  172   45  153]
 [ 504  136  124  220  130   94  274   87  107  106]
 [ 209  211  177  119  153   75  126  118  194   98]
 [ 300  225  126  261  211  130  269  151  171   93]
 [ 151  786  148  217  345  157  285  184  149  211]
 [ 182  511  225  154  121  204  211  183  139   52]
 [ 320  922  182  433  400  593  296  291  192  302]
 [ 179  813  248  481  801  464  261  168  245  313]
 [ 275  965  635 1122  640  478  204  422  405  702]
 [ 290 1039  938 1101  936  557  607 1058  411  565]
 [1445 1020  752 1035  668 1012  675  596  818  997]
 [ 888 1006  681 1023 1097  854 1000  967  666 1030]
 [1023 1025 1035 1024 1063 1024 1069  992 1027 1026]
 [1024 1023 1024 1024 1024 1023 1024 1023 1024 1023]
 [1024 1024 1024  986  938 1023 1024  974 1033 1016]
 [1024 1041 1024 1023  983 1023 1024  754 1017  918]
 [1006  989  733  752  741  890  918  538 1226  581]
 [ 533  929  338  803  199  652  950  450  743  444]
 [ 469 1025 1154  488  143  225  762  515  516  150]
 [ 286  826  909  321  300  184  254  291  237  165]
 [ 271  723  183  342  181  186  368  108  134  128]
 [ 249  873  505  301  160  108  321   69  214   77]
 [ 214  748  190  188  133  171  120  138  153  115]
 [ 222  376  152  179  248  146  264   74  104   72]
 [ 152  230  169   88  118  136  280  178   67  146]
 [ 316  234  263   97  113  136  260  258   48  128]
 [ 330  189  138   71  157  175  220  180   81  110]
 [ 485  125  221  106  155  115  236  348   82  147]
 [ 278  133  119  106  130   82  176  135  111  115]
 [ 217  146  117  134  226  179  142  131   61  150]
 [ 283  235  190  169  107  177  157  215  104   88]
 [ 332  552  206  119  190  143  108  205   97   85]
 [ 239  614  150  301  221  168  258  147  165  173]
 [ 252  459  246  325  133  168  160   92  348  161]
 [ 157  985  263  544  238  100  208  368  354  155]
 [ 222  938  405  360  263  392  219  501  886  328]
 [ 542 1006  191  733  349  296  204  425  217  826]
 [ 456  953 1008 1029  684  812  845  430  350  586]
 [ 873  964  519 1068  830  838  333  870  998  847]
 [1036 1025  597 1024 1069  989  918  990  924 1014]
 [1019 1023  836 1023  950 1022  950  967 1024 1024]
 [1024 1024 1023 1017 1024  946 1024 1024 1024 1024]
 [1024 1024 1025 1042  981 1023 1024 1034 1024  998]
 [1024 1029 1012 1007  985 1023 1024  800 1023  971]
 [1006 1018  859  618 1010  696 1029  709 1029  634]
 [1116  926  648  586  419  447  912  283  998  314]
 [ 461 1046  414  581  361  244  197  259  694  222]
 [ 175  926  194  242  424  233  348  109  531  210]
 [ 286  587  156  520  207  358  147  100  154  179]
 [ 225  802  223  319  201  104  269   92  161   91]
 [ 180  624  218  221  111  184  190  177   96  107]
 [ 189  321  159  318  194  122  321  240  106  189]
 [ 151  218  194  146  170   86   90  206  120  105]
 [ 466  137  253   63  276  110  208  318   99  151]
 [ 349  185  184  110  208   67  233  168  138  152]
 [ 321  190  120  144   55  100  323  201   60   55]
 [ 470  193  142   91  113  158  277  189  104   87]
 [ 366  249  194  158  109  139  171  136   63   52]
 [ 503  441  218  225  118  139  180   64  148  104]
 [ 308  571  314  124  240  153   94  228  189  185]
 [ 217  691  128  207  103  146  415  124  133  124]
 [ 112  561  124  203  260  200  223  176  111  244]
 [ 183  857  275  370  233  234  262  445  159  336]
 [ 215  777  463  262  518  378  134  209  158  720]
 [ 622  906  453  505  506  300  583  585  442  820]
 [ 775  720  364  696  609  790  452  650  341  612]
 [1011  987 1376 1028  387  641  632  908 1014 1006]
 [1018 1004  721 1023  837 1017 1053 1074  901 1031]
 [1023 1024  998 1023 1017 1024 1023 1024 1024 1024]
 [1024 1024 1023 1023 1024 1002 1024 1024 1024 1023]
 [1024 1024  970 1029 1024 1024 1024 1024 1024 1024]
 [1023  998 1025  994 1069 1019 1024 1096 1023 1104]
 [ 756 1024  968  547  747  684  986  307  937  605]
 [ 409 1019  591  378  754  587  480  473 1089  296]
 [ 514  811 1051  520  435  208  250  294  766  550]
 [ 314  995  113  336  228  551  340  228  200  134]
 [ 213  715  317  268  317  133  552  313  104  172]
 [ 330 1220  313  187  129   96  158  240  307  155]
 [ 377  691  149  208  211  140  102  190  118  128]
 [ 220  386  132  129  120  201  271  248  144  117]
 [ 394  432  153   85   94  117  253  140   80  156]
 [ 382  155   64  114  189  152  256  218  131  106]
 [1114   60  125  157  144  205  269  242   89  127]
 [ 491  141   93  177   96   98  334  174   69   98]
 [ 494  171   98  100  178  139  330  134   83  116]
 [ 449  273  121   88  108  198  335  149   88   77]
 [ 311  411   98  117  156   79  124  178  162  105]
 [ 216  428  234  104  138   89  109  138   87   87]
 [ 366  737  151  177  232  141  201   95  181  134]
 [ 168  840  363  160  194  213  327  168  193  235]
 [ 248  752  353  164  280  312  204  247  302  429]
 [ 353  935  530  242  207  176  468  568  296  381]
 [ 198  943  429  879  291  338  337  616  204  685]
 [ 839  934  399  855  354  215  182  639  661 1017]
 [1016  964  540  980  809  987  707 1420  804  862]
 [1018 1022  675 1021 1005 1008 1011  958 1013  929]
 [1023 1034 1039 1023  996 1014 1024 1024 1025 1024]
 [1024 1024 1024 1024 1024 1024 1024 1024 1024 1024]
 [1024 1024 1006  994 1024 1023 1024 1024 1024 1024]
 [1012 1021  932 1131 1012  943 1023 1031 1021 1004]
 [ 699 1024  523  962 1290  674  971  608  915  806]
 [ 245 1020  273 1739  428 1018  784  289  767 1059]
 [ 368  803  276  272  478  297  209  339  677  259]
 [ 132  666  123  545  298  186  351  263  239   90]
 [ 222  544  225  282  208  257  416  283  195  172]
 [ 277  892  126  221  237  120  277  183  117  173]
 [ 221  395  140  271  194  135  244  296  179  167]
 [ 104  362   74  166  167  200  232  230  112  177]
 [ 264  267  145   94  155  131  162  124  140  109]
 [ 384   94   84  284   79  172  258  223   50  169]
 [ 579  164  125   60  221  133  134  127   94  134]
 [ 437  149   84   84  187  201  258   93   74  162]
 [ 157  183   89  150  199  144  121  157  132  124]
 [ 299  336  103  151  147   72  293  226  163  101]
 [ 257  387   91  281  113   86  281  118  145  148]
 [ 172  427  157  129  172   74  191  197  146  186]
 [ 214 1425  126  233  233  143  131  140  245  234]
 [ 303  938  171  166  354  223  153  319  158  281]
 [ 523  772  290  184  295  246  336  151  431  332]
 [ 302  923  300  406  294  195  262  427  289  526]
 [ 202 1143  174  418  302  193  393  251  227  486]
 [ 230  765  168  568  349  370  927  334  717 1102]
 [ 832  961  465 1078  655  703  651  940  743  797]
 [1046 1035 1431 1039  763 1044  929  854 1014 1039]
 [1033 1035 1064 1023 1021 1017  998 1038 1011 1024]
 [1024 1024 1024 1024 1024 1024 1024 1024 1024 1024]
 [1024 1024 1041 1029 1024 1023 1024 1024 1024 1024]
 [ 992 1024  874 1206 1112  927 1024 1018 1024  907]
 [ 810 1024  684  563  608  619 1014  756  989  988]
 [ 437 1015  301  466  330  793 1126  475  759 1028]
 [ 347  995  464  826  575  326  585  316  539  250]
 [ 191  957  216  402  286  240  501  354  238  516]
 [ 138  577  175   76  315  224  193  314  289  455]
 [ 246  728  216  288  268  118  103  284  180  275]
 [ 180  229  161  235  217  256   75  150   77  221]
 [ 276  321  123  204  153  185  301  303   59  203]
 [ 262  168  100  296  109  211  110  255  228  205]
 [ 241  130   99  182  155  117  294  125  129  140]
 [ 416  134  127  330  178  122  312  207  108  127]
 [ 215   87  105  250  240  218  218  130  125  133]
 [ 357  135  106  146  161  166  195  168   86   71]
 [ 309  229  194  106  240  221  292  103   87   76]
 [ 161  248  171  203  233  133  240  133   94  147]
 [ 299  253  141  161  158   77  201  287  238  165]
 [ 442  525  297  177  203  119  191  224   75  238]
 [ 256  450  195  160  189   86  314  213  110  261]
 [ 250  566  179  160  259  141  283  304  185  265]
 [ 658  688  243  140  268  222  360  259  449  750]
 [ 143  559  231  393  448  295  484  918  611  820]
 [ 441  685  286  655  714  340  337 1601  316  651]
 [1084  696  569  925  987 1048  686 1123  867  995]
 [1015 1165  719 1012  927  981 1071 1094  997 1024]
 [1095 1048  996 1024  825 1020 1025 1069 1024 1030]
 [1024 1023 1023 1023 1036 1024 1024 1028 1024 1020]
 [1024 1023 1021 1024 1024 1024 1024 1024 1023 1024]
 [ 970 1024 1133 1127  878 1027 1024 1028 1024 1028]
 [ 846 1024  933  501  643  817  958 1049 1056  967]
 [ 346 1015  668  204  844  550  570  715  514 1075]
 [ 486 1025  313  144  474  336  324  248  419  233]
 [ 210 1002  135  172  154  114  285  325  404  402]
 [ 340  469  134  101  114  170  216  315  237  169]
 [ 116  378  167  190  177  291  230  187  148  240]
 [ 565  215  157  279  172  175  269  469   75  121]
 [ 368  239  251  150  224  110  106  208  101  168]
 [ 255  117  187  164  186  157  214  226  158  213]
 [ 150  165   90  153  193  268  173   91  103  170]
 [ 435  162  149  108  192  131  135  192  162   78]
 [ 237  215  177  253  181  183  145   89   77  106]
 [ 236  280  201   99   88  171  143  187  129  168]
 [ 535  138  262   92  226  140  135  234   97   82]
 [ 156  207   80   84  289  113  194   66  155  110]
 [ 274  391  136  130  209  128  252  304   84  113]
 [ 105  292  105   95  316  184  373  212  213   69]
 [ 187  430  258  156  294  226  171  313  160  171]
 [ 283  437  156  254  408  170  239  196   94  258]
 [ 353  546  258  132  222  241  234  865  264  485]
 [ 435  813  154  202  391  248  187 1160  327  695]
 [ 322  652  268  680  541  305  593  811  397  689]
 [1041  841  691  880  920  981  799  903  890  757]
 [1040  820  953 1014 1022 1040  965 1019 1024 1028]
 [1020 1024 1013 1024 1024 1036 1025 1024 1023 1024]
 [1024 1024 1024 1023 1024 1024 1024 1023 1024 1024]
 [1021 1029 1010 1023 1048 1023 1024 1051 1020 1018]
 [1002 1023  936  931 1083  932 1023  927 1024  969]
 [1061 1027  369  459 1979  712 1030  815  718  806]
 [ 363 1028  397  400  716  575  350 1216  470  762]
 [ 414  615  199  173  622  172 1119 1257  330  818]
 [ 218  850  280  428  349  234  425  624  278  399]
 [ 400  389  150  327  416  151  131  288   90  444]
 [ 124  321  145  120  291  138   77  210  105  266]
 [ 274  236  125  257  299  145  128  195  140  311]
 [ 272  261  104  442  365  132  259  196  111  303]
 [ 205  214  177  184  116  201  119  317  142  193]
 [ 360  154  227  142  156  115  204  181  101  179]
 [ 439  220  184  210  237  156  173  105   96  154]
 [ 214  282  236  139  272  134  338  226  104  150]
 [ 356  173  232  127   89   89  204  239  138   67]
 [ 197  271  226  173  266  117  342  221  102   90]
 [ 354  260  115  233  247  123  245  291  125  172]
 [ 289  554  212  129  270  124  198  183  150  191]
 [ 311  280  222   91  312   72  293  453  126  254]
 [ 212  461  171  220  257  121  240  366  142  452]
 [ 431  573  367  173  342  131  182  943  357  526]
 [ 430  749  229  200  318  234  541  493  210  833]
 [ 602  648  319  455  496  350  572  934  216  408]
 [ 467  604  347 1401 1143  759  705  691  661  684]
 [1112  820  661 1001 1042 1206  748  914  740 1141]
 [1017  807 1009 1023 1023  929  905 1023 1024 1020]
 [1025 1024  999 1024 1024  992 1026 1024 1024 1024]
 [1024 1024 1024 1024 1024 1024 1024 1024 1024 1024]
 [1043 1024 1010 1023 1024 1024 1024 1024 1023 1020]
 [1028 1024 1112  869  997  993 1024 1021 1026  955]
 [ 768 1024  464  340  944  750  993 1210  564  907]
 [ 631  978  554  289  552  570  966  880  226  645]
 [ 245  380  330  369  853  222  321  757  525  706]
 [ 171  474  229  391  324  181  395 1049  142  344]
 [ 227  280  211  244  893  176  217  696  182  279]
 [ 325  225  179  201  548  176  122  410   93  389]
 [ 125  144  149  198  412  179  173  213  124  295]
 [ 197  178  138  234  299  149  274  311  115  277]
 [ 285  185   70  161  359  238  224  186  134   94]
 [ 238  146   86  133  246  231  254   99   90  201]
 [ 219  145  132  157  154  115  188  101   89  109]
 [  92  205  143   91  322  188  319  272  164   53]
 [ 119  123  146  163  108  121  180  183  138  130]
 [ 399  370  116  170  109  199  126  308   68  115]
 [ 246  385  181  260  187  157  173  250  143   72]
 [ 231  129  188  253  184  110  247  153  179  253]
 [ 161  519  175  139  464  126  214  372  144  260]
 [ 308  378  131  206  405  152  107  761  140  280]
 [ 575  343  239  202  198  306  526  701  101  206]
 [ 426  669  179  338  620  163  558  495  117  265]
 [ 332  538  177  252  621  250  422  809  265  434]
 [ 932  725  471  778  986 1227  838  982  813  597]
 [ 988 1301  949 1004 1067  981  721  947  979  634]
 [1024  948  932 1045 1023 1018 1020 1024 1038  998]
 [1024 1023 1020 1023 1023 1023 1024 1024 1023 1024]
 [1024 1024 1024 1023 1024 1023 1024 1023 1024 1024]
 [1024 1024 1023 1021 1024 1024 1024 1024 1024 1024]
 [ 956 1021  577  622 1022  968 1034  989 1018 1016]
 [1066  941 1009  419  957  479  973  940  789  897]
 [ 709  824  599  400 1068  486  975  672  398 1042]
 [ 296  608  207  182  511  360  642  369  297  541]
 [ 389  333  373  225  980  228  507  728  249  406]
 [ 153  356  182  238  530  182  704  221  179  627]
 [  86  143  173  173  657   63  416  228  180  424]
 [ 355  371  165  117  259  248  111  495  176  245]
 [ 249  140  147  136  667   53  202  264   77  220]
 [ 383  134  164  185  391  120  307  254  138  202]
 [ 282  158  136  186  173  129  136  219  168   99]
 [ 418  145  128   79  220   71  150  172   91  101]
 [ 189  172  111  144  257   59   94  108  156  131]
 [ 368  296  200  129  222  163  233  220  106  110]
 [ 243  215   84  172  280   91  223  171  127  152]
 [ 500  156   89  142  328  138  133  117  126  195]
 [ 181  354  114  105  320   78  282  267   99  171]
 [ 250  262  203   70  403  124  365  529  179  184]
 [ 550  178  282  195  328  187  674  205  188  155]
 [ 574  345  228  238  434  341  605  331  142  347]
 [ 457  480  216  337  843  217  385  710  289  445]
 [1219  789  370  834  553  271  753  675  405  477]
 [ 657  957  591  876  651  692  626  943  788  563]
 [ 832  954 1041 1004  968  787 1027  924 1052  860]
 [1032 1042 1012 1001 1019  988 1031 1033 1040 1008]
 [1024 1024 1024 1024 1024 1024 1024 1024 1024 1024]
 [1024 1024 1024 1024 1024 1024 1024 1024 1024 1024]
 [1024 1024 1024 1024 1024 1024 1024 1024 1024 1024]
 [1022 1020 1337  855 1024 1061 1024  963 1024 1021]
 [ 930 1005 1068  709 1000  794  897 1064  828  876]
 [ 988  647  999  601  984  303 1082  573  343  610]
 [ 668  348  308  376 1015  347  904  385  443  542]
 [ 511  387  142  241  952  305  541  400  166  523]
 [ 201  321  167  254  596  153  392  266  107  424]
 [ 263  235  128  145  619  185  302  615  151  255]
 [ 304  110  128   99  227  125  511  200  152  296]
 [ 331  209  131  138  544  103  184  258  161  188]
 [ 219  120  184   84  409  140  183  148  103   83]
 [ 375  146  162  116  167  107  126  168   94  212]
 [ 199  157   97  140  161  111  234  202  113   80]
 [ 323  225  109  182  147  138  143   72  109  180]
 [ 208  323  135   86  169  122  250  126  120  117]
 [ 207  164  253  111  139  106  319  194  109  104]
 [ 377  314  266  207  194   77  360  291  152   94]
 [ 424  758  144  167  179  111  291  301  186  121]
 [ 232  402  242  279  460  117  227  701  118  164]
 [ 492  226  288  233  320  185  687  632  174  151]
 [1285  433  309  268  264  190  430  257  169  386]
 [1182 1279  382  245  384  681  572  577  537  491]
 [ 473 1018  542  980  759  594 1332  933  808 1032]
 [ 931 1040  795 1010  655  545  976 1091  860  436]
 [1069 1023  768  964  927  695 1024 1023  949  976]
 [1024 1026 1051 1023 1019 1017 1023 1018 1028 1013]
 [1024 1024 1024 1024 1024 1024 1024 1024 1024 1024]
 [1024 1024 1024 1024 1024 1024 1024 1024 1024 1024]
 [1024 1024 1024 1024 1024 1024 1024 1024 1024 1024]
 [1024 1024 1054 1005 1024 1021 1024 1099 1024  966]
 [1031 1043  876  545 1023 1137 1024 1004 1223  993]
 [ 921  923  956  374  948  993 1024  746  504 1248]
 [ 575  456  769  527  945  516 1020  423  562  590]
 [ 457  403  238  380  592  342 1030  424  247  327]
 [ 384  490  214  212  671  202  750  175  191  195]
 [ 310  278  117  118  448   84  573  269  125  233]
 [ 258  150  123  202  331  183  350  118  129  163]
 [ 225  195  189  127  170  140  542  196  109  166]
 [ 227  171  117  134  193   95  480  141  122   76]
 [ 187  127  212  209  216  168  358  238   75  128]
 [ 164  145  210   69  135  134  255  202  124  107]
 [ 255  203  228  145  246  159  192   73   89  123]
 [ 319  192  206  147  206   72  205  192   46  143]
 [ 255  223  235  253  274  188  467  182  127  155]
 [ 322  267  241  115  338  211  822  245  128  138]
 [ 656  701  150  142  180  146  623  327  201  168]
 [ 455  506  158  327  224  229  524  433  128  268]
 [ 837 1571  200  400  344  390  663  613  559  213]
 [ 759  574  590  227  408  255  641  749  359  127]
 [ 714  913  352  682  386 1161  800  915  365  558]
 [1019  710  578  789  570 1032 1034  822 1022 1286]
 [1149  971  487 1086 1164 1573 1002  870  953  895]
 [1044 1047  864 1004  943  704 1011  961 1015  895]
 [1024  968 1053  984 1023  951 1024 1024 1136  997]
 [1024 1024 1024 1024 1024 1024 1024 1024 1024 1024]
 [1024 1024 1024 1024 1024 1024 1024 1024 1024 1024]
 [1024 1024 1024 1024 1024 1024 1024 1024 1024 1024]
 [1024 1024 1024 1056 1024 1024 1024  919 1023 1013]
 [1024  941 1044  841 1024  838 1024  871  893 1030]
 [ 835  912 1223  436  910  842 1024  735 1071  799]
 [ 597  853  927  379 1064  440 1032  594 1034  870]
 [ 632  527  598  223  805  318 1019  396  308  397]
 [ 325  439  243  239  428  280 1045  350  195  264]
 [ 523  234  169  202  216  326  832  365  268  225]
 [ 462  329  495  218  439  131  914  111  331  215]
 [ 266  307  353  177  416  142  936  260  189  191]
 [ 491  289  258  176  385  193  434  162  236  135]
 [ 337  273  298  109  116  179  622  183  115   55]
 [ 197  345  249  114  414   82 1211  229  127  141]
 [ 420  331  348  129  214  127  609  167  146   79]
 [ 319  294  438  180  160  110 1074  119  242  176]
 [ 625  498  318   93  238  137  867  163  187  143]
 [ 585  325  187  148  132  253  482  241  171  122]
 [1069 1038  503  295  200  305  857  270  258  207]
 [ 687  731  410  401  363  445 1069  185  248  162]
 [1056  584  428  442  274  499 1003  255  322  364]
 [ 943 1059  515  977  476  478 1042  614  771  487]
 [ 977  781  948 1100  592  800 1016  650  582  512]
 [ 931  966  830  857 1002  537 1023  810  791  880]
 [1035 1020 1009  944 1017  877 1023 1001 1065  926]
 [1023  963 1141 1011  980 1000 1024 1042 1014 1047]
 [1024 1035 1017 1023 1024 1040 1024 1024 1028 1043]
 [1024 1024 1024 1024 1024 1024 1024 1024 1024 1024]
 [1024 1024 1024 1024 1024 1024 1024 1024 1024 1024]
 [1024 1024 1024 1024 1024 1024 1024 1024 1024 1024]
 [1024 1024 1024 1024 1023 1023 1024 1023 1024 1024]
 [1024 1009  987  886 1024  993 1024 1078 1023 1021]
 [1024  998  983 1135 1067  990 1024  923 1007  755]
 [1001  876  979  569  736 1203 1024  503 1103  889]
 [ 965 1030 1060  919  762  823 1024  453  687  258]
 [ 788  802  723  758 1091  695 1023  428  484  446]
 [ 973  888  739  393  424  300 1023  458  588  139]
 [ 565 1129 1245  414  361  453 1023  238  407  254]
 [ 855  627  826  247  322  432  960  148  251  222]
 [ 562  823 1246  350  429  371 1007  223  238  122]
 [ 556  803  666  347  276  237  876   70  444  138]
 [1048  690  419  170  258  314 1158  263  265  103]
 [ 759  736 1057  261  216  262  910  199  293  186]
 [ 898  556  842  225  242  355 1045  270  309  115]
 [ 779 1011 1165  408  251  261 1032  185  196  143]
 [ 957  832  678  407  552  578 1049  276  253  127]
 [ 901  778  623  746  193  832 1004  163  450  263]
 [ 989  765  861  587  632  809 1025  316  862  235]
 [1102  944  838  504  384  743 1025  571  764  308]
 [ 997  953  718  698  959 1101 1027  608  929 1318]
 [ 964 1027  844 1011  723 1235 1023  759  974 1093]
 [1010 1023  932  996  909  881 1023 1061 1013  632]
 [1024 1024 1041 1024 1028  985 1024 1025 1023 1165]
 [1024 1024 1046 1024 1024 1024 1024  979 1023  958]
 [1024 1024 1015 1024 1024 1024 1024 1024 1023  998]
 [1024 1024 1024 1024 1024 1024 1024 1024 1024 1024]
 [1024 1024 1024 1024 1024 1024 1024 1024 1024 1024]
 [1024 1024 1024 1024 1024 1024 1024 1024 1024 1024]
 [1024 1024 1024 1024 1024 1024 1024 1024 1024 1024]
 [1024 1024 1024 1024 1024 1024 1024 1024 1024 1024]
 [1024 1024 1024 1048 1018 1024 1024  986 1024 1239]
 [1024 1024 1024  998  729 1026 1024  610  999  732]
 [ 978 1007 1023  889  839  880 1024  943 1094  693]
 [ 911 1023 1025  782  794  771 1024  713 1084  523]
 [ 939 1020 1103  718  825 1387 1023  381  672  303]
 [1012 1029 1035  832  761  738 1024  303  847  484]
 [1026  942 1028 1093 1118  586 1023  220  802  362]
 [1004  955  962  721  712  627  949  210  697  253]
 [1028  833 1025  904  663  572  896  327 1076  315]
 [1195  858  950  832  883 1030 1023  160  815  237]
 [ 889  968 1058 1014  503  538 1023  285  613  296]
 [ 958  980 1028 1005  518  631 1019  258  751  266]
 [ 965  959 1136  934  952  653 1023  574  729  228]
 [ 976 1031  843  808 1072 1091 1024  498  995  351]
 [1010 1028 1042  640  560  974 1023  422  790  279]
 [1024  955 1022 1007  705 1023 1023  878  788  244]
 [1120  962 1024 1020  748 1226 1024  368  937  895]
 [ 976 1021  926 1024 1009  894 1024  640 1023  808]
 [1063 1025  999 1023 1093 1023 1024  835 1023 1081]
 [1030 1023 1024 1024 1136 1031 1024 1068 1024 1103]
 [1024 1024 1024 1024 1015 1024 1024 1023 1024 1028]
 [1024 1024 1024 1024 1024 1024 1024 1023 1024 1023]
 [1024 1024 1024 1024 1024 1024 1024 1024 1024 1024]
 [1024 1024 1024 1024 1024 1024 1024 1024 1024 1024]
 [1024 1024 1024 1024 1024 1024 1024 1024 1024 1024]
 [1024 1024 1024 1024 1024 1024 1024 1024 1024 1024]
 [1024 1024 1024 1024 1024 1024 1024 1024 1024 1024]
 [1024 1024 1024 1024 1024 1024 1024 1024 1024 1024]
 [1024 1024 1024 1024 1024 1024 1024 1025 1024 1024]
 [1024 1024 1023 1024 1024 1024 1024 1008 1024 1008]
 [1024 1024 1024 1023 1003 1024 1024 1033 1024 1039]
 [1024 1024 1024 1024 1035 1024 1024  997 1024  868]
 [1024 1024 1024 1024 1060 1024 1024  957 1023  913]
 [1023 1024 1024 1023 1031 1023 1024  950 1024  949]
 [1024 1009  992  997 1038 1024 1024  626 1024  921]
 [1024 1018 1029 1029  966 1023 1024 1055 1023  843]
 [1023 1023 1023 1024 1013 1020 1024  988 1023 1100]
 [1024 1023 1024 1023 1011 1024 1023  915 1019 1089]
 [1023 1023 1024 1029  867 1019 1024  825 1024  700]
 [1023 1024 1024 1011  983 1023 1023  958 1023  809]
 [1024 1024 1023  996 1013 1023 1024  780 1024  789]
 [1024 1024 1024 1022 1002 1023 1024  831 1024  949]
 [1024  981 1024 1023  983 1023 1024 1103 1024 1073]
 [1024 1024 1024 1023  980 1022 1024  957 1024  994]
 [1024 1024 1023 1023 1021 1116 1024  802 1024  981]
 [1069 1024 1023 1023 1024  966 1024  977 1023  880]
 [ 964 1024 1045 1024 1039 1019 1024  658 1024  904]
 [ 984 1024 1024 1024 1026 1025 1024 1088 1024 1029]
 [1024 1024 1024 1024 1024 1024 1024 1024 1024 1024]
 [1024 1024 1024 1024 1024 1024 1024 1024 1024 1024]
 [1024 1024 1024 1024 1024 1024 1024 1024 1024 1024]
 [1024 1024 1024 1024 1024 1024 1024 1024 1024 1024]]
