[[ 1.          1.          1.          1.          1.          1.          1.
   1.          1.          1.        ]
 [ 1.          1.          1.          1.          1.          1.          1.
   1.          1.          1.        ]
 [ 1.          1.          1.          1.          1.          1.          1.
   1.          1.          1.        ]
 [ 1.          1.          1.          1.          1.          1.          1.
   1.          1.          1.        ]
 [ 1.          1.          1.          1.          1.          1.          1.
   1.          1.          1.        ]
 [ 1.          1.          1.          1.          1.          1.          1.
   1.          1.          1.        ]
 [ 1.          1.          1.          1.          1.          1.          1.
   1.          1.          1.        ]
 [ 1.          1.          1.          1.          1.          1.          1.
   1.          1.          1.        ]
 [ 1.          1.          1.          1.          1.          1.          1.
   1.          1.          1.        ]
 [ 1.          1.          1.          1.          1.          1.          1.
   1.          1.          1.        ]
 [ 1.          1.          1.          1.          1.          1.          1.
   1.          1.          1.        ]
 [ 1.          1.          1.          1.          1.          1.          1.
   1.          1.          1.        ]
 [ 1.          1.          0.99999964  1.00000012  0.99998963  1.
   0.99999934  1.          1.00000012  1.        ]
 [ 1.          1.          0.9999994   1.          1.00000286  1.
   0.99999404  1.          1.          1.        ]
 [ 1.          1.          1.          1.          1.          1.          1.
   1.          1.          1.        ]
 [ 1.          1.          1.          1.          1.          1.
   1.00000024  1.          1.          1.        ]
 [ 1.          1.          1.          1.          1.          1.          1.
   1.          1.          1.        ]
 [ 1.          1.          1.          1.          1.          1.          1.
   1.          1.          1.        ]
 [ 1.          1.          1.          1.          1.          1.          1.
   1.          1.          1.        ]
 [ 1.          1.          1.          1.          1.          1.          1.
   1.          1.          1.        ]
 [ 1.          1.          1.          1.          1.          1.          1.
   1.          1.          1.        ]
 [ 1.          1.          1.          1.          1.          1.          1.
   1.          1.          1.        ]
 [ 1.          1.          1.          1.          1.          1.          1.
   1.          1.          1.        ]
 [ 1.          1.          1.          1.          1.          1.          1.
   1.          1.          1.        ]
 [ 1.          1.          1.          1.          1.          1.          1.
   1.          1.          1.        ]
 [ 1.          1.          1.          1.          1.          1.          1.
   1.          1.          1.        ]
 [ 1.          1.          1.          1.          1.          1.          1.
   1.          1.          1.        ]
 [ 1.          1.          1.          1.          1.          1.          1.
   1.          1.          1.        ]
 [ 1.          1.          1.          1.          1.          1.          1.
   1.          1.          1.        ]
 [ 1.          1.          1.          1.          1.          1.          1.
   1.          1.          1.        ]
 [ 1.          1.          1.          1.          1.          1.          1.
   1.          1.          1.        ]
 [ 1.          1.          1.          1.          1.          1.          1.
   1.          1.          1.        ]
 [ 1.          1.          1.          1.          1.          1.
   0.99999976  1.          1.          1.        ]
 [ 1.          1.          0.99999976  1.          1.0066371   1.
   0.98924673  1.          1.          1.        ]
 [ 1.          1.          0.9998697   1.          1.03211701  0.99999988
   0.96008849  1.          1.          1.        ]
 [ 1.          1.          0.99890476  0.99999988  0.87645018  0.99999988
   1.04273319  1.          0.99999988  1.        ]
 [ 1.          0.99589449  0.91086578  1.          0.94304961  1.00000024
   0.8764708   1.00010264  1.00000048  1.        ]
 [ 1.          0.9999426   0.98570645  1.          0.94557905  1.00000012
   1.05316436  1.00014436  0.9999994   0.99999738]
 [ 0.99804503  0.99999189  1.07443881  1.00000024  0.96900278  1.
   0.9187535   0.99994206  0.99999976  0.99999976]
 [ 0.96238726  1.          1.00984097  1.00000143  1.03685808  1.
   0.96048892  0.99882853  0.99999964  0.98744762]
 [ 0.71119684  1.00041628  0.84725684  1.00019813  1.03411102  0.99937731
   0.90966082  0.97424924  0.99999803  0.96801716]
 [ 0.94653547  0.99278659  0.95623189  0.99874365  0.9697783   0.99997222
   1.00517154  1.00986242  1.00026941  0.99981403]
 [ 0.99988323  0.99436355  0.89561939  0.99981046  0.82539701  0.99902433
   0.76506037  1.00000012  0.99492192  1.00000155]
 [ 1.06636119  0.93851006  0.82561618  0.99752754  0.87229764  0.99644887
   0.86458296  1.00000072  1.00023961  0.98630595]
 [ 0.9516238   0.87744522  0.93374443  0.99999964  0.74969375  0.99933958
   0.64059377  0.99999785  1.00011718  0.99502957]
 [ 0.94661331  0.99787903  0.74392623  0.99999976  0.95429933  0.99371678
   0.89189976  1.00000024  1.00028634  1.01137805]
 [ 1.          0.99999839  0.96525013  0.99999988  0.99935472  0.92602807
   1.0222609   1.          0.99968505  1.        ]
 [ 1.          1.          0.98389667  0.99999893  0.88117373  1.00034368
   1.01545906  1.00000024  1.00019062  1.00000012]
 [ 0.99999988  1.          1.00005329  1.          1.0026021   0.99218583
   1.04776287  1.          1.          1.00015938]
 [ 1.          1.          1.          1.00000012  1.06086695  1.00000179
   0.99191737  1.          1.00000012  1.        ]
 [ 1.          1.          1.          1.          0.96421564  1.
   0.92587155  1.          1.          1.        ]
 [ 1.          1.          1.          1.          1.05287457  0.99999988
   0.96467525  1.          1.          1.        ]
 [ 1.          1.          1.          1.          1.          1.          1.
   1.          1.          1.        ]
 [ 1.          1.          1.          1.          1.          1.          1.
   1.          1.          1.        ]
 [ 1.          1.          1.          1.          1.          1.          1.
   1.          1.          1.        ]
 [ 1.          1.          1.          1.          1.          1.          1.
   1.          1.          1.        ]
 [ 1.          1.          1.          1.          1.          1.          1.
   1.          1.          1.        ]
 [ 1.          1.          1.          1.          1.          1.          1.
   1.          1.          1.        ]
 [ 1.          1.          1.          1.          1.          1.
   0.99999976  1.          1.          1.        ]
 [ 0.99922979  1.          1.00000012  1.          1.01642203  0.99309504
   1.00596619  1.          1.          0.99999803]
 [ 0.99800551  1.          0.99979818  1.          0.99948841  1.00000012
   1.00000894  1.          1.          0.99999976]
 [ 1.00000012  1.          0.99940026  0.99771202  1.01103282  1.
   1.00464237  1.          1.00000012  0.99999988]
 [ 0.98701847  0.99999988  0.95672536  1.01875043  1.03157818  1.
   0.89795345  1.          1.          1.        ]
 [ 0.93783772  1.00001693  0.96319413  1.01304603  0.98826307  1.
   0.97839332  1.00007594  1.          0.99999964]
 [ 0.9553225   0.96494275  1.01546025  1.00001466  1.11351728  0.99909878
   0.93558544  0.99995542  1.00001788  0.99999917]
 [ 0.9793151   1.01307404  0.68297559  0.99916852  0.9252739   1.00096512
   0.59068722  0.98832834  1.00005436  0.98852712]
 [ 1.01403594  0.93247461  0.77445972  1.09575486  0.79617226  0.90823251
   0.72818464  0.98715055  0.99403846  0.97729123]
 [ 1.00699329  0.94015729  0.66343826  0.81745046  0.95929676  0.77782559
   0.36931935  0.96439385  0.99419063  1.01045215]
 [ 1.10893619  1.05548501  0.60424942  0.78599852  0.84001344  0.85673976
   0.53964788  0.96694201  0.94171393  0.99430621]
 [ 0.77073699  0.93663692  0.60852844  0.87370086  0.64008248  0.94338286
   0.32867113  1.01652265  0.96666074  1.02275646]
 [ 0.8571927   0.59401673  0.39713785  1.03923893  1.10182381  0.73305845
   0.46401274  1.02154779  0.95904458  0.98472911]
 [ 0.82653302  0.46646094  0.64888769  0.86533219  0.87183672  1.09375513
   0.73232085  1.01325595  0.9835071   0.99981725]
 [ 0.7766608   0.80631757  0.39569515  0.79576683  0.71663988  0.548491
   0.45292503  0.98849809  1.01623237  0.98013043]
 [ 0.85654652  0.94789863  0.46657282  0.86915886  0.84582174  0.65948981
   0.56631166  1.00001669  0.94488412  0.99722731]
 [ 0.97312272  1.03292513  0.60994083  0.93202388  0.88068122  0.78547192
   0.39702949  0.99999934  0.89526391  0.9986819 ]
 [ 0.94999707  0.81689215  0.61288619  0.89991009  0.89520627  0.86695558
   0.59691459  0.99999934  1.02213728  0.97091812]
 [ 0.9834643   0.89500797  0.81534004  0.98830724  0.94103444  0.79847813
   0.71913326  1.00001204  0.99448872  1.00202012]
 [ 0.98252499  1.01957059  0.9516933   0.96894169  0.91284585  0.95215029
   0.57047904  0.99996012  0.98706353  1.00009191]
 [ 0.96449906  1.00042737  0.99609119  1.02182257  0.85799003  1.45554686
   1.15479088  1.00000131  1.00130248  0.99999446]
 [ 0.98905933  0.99999774  1.00032282  1.          0.91076589  0.98069292
   0.79838115  1.          1.00293028  0.99999988]
 [ 1.0003202   1.00000119  1.00660491  1.          0.91980207  0.99261606
   1.07831919  1.          1.01742029  1.        ]
 [ 1.          1.          1.07261062  1.          1.          0.99999976
   1.01998055  1.          0.99999809  1.        ]
 [ 1.          1.          1.          1.          1.          1.          1.
   1.          1.          1.        ]
 [ 1.          1.          1.          1.          1.          1.          1.
   1.          1.          1.        ]
 [ 1.          1.          1.          1.          1.          1.          1.
   1.          1.          1.        ]
 [ 1.          1.          1.          1.          1.          1.          1.
   1.          1.          1.        ]
 [ 0.99999964  1.01108193  1.00000191  0.99999928  1.          1.
   1.00028849  1.          0.99177772  1.        ]
 [ 0.99583054  1.00026083  0.99999976  0.99999976  1.01360703  0.99332917
   0.98812926  0.99999976  0.99920559  1.0000999 ]
 [ 1.0251087   1.          0.99944413  0.99357736  1.01309133  0.98236084
   0.96290016  0.99999964  0.99999964  1.00000143]
 [ 1.07309771  1.00354385  0.93060899  0.95646238  0.98678309  1.03206396
   0.86982602  1.          0.99846804  1.00002503]
 [ 1.09819555  0.99984294  0.83694935  1.0022167   0.96499008  0.99541128
   0.98950291  1.00033236  0.98246837  0.99998271]
 [ 0.51447868  0.97900033  0.81020826  0.36484945  0.91756648  0.9494437
   0.52741826  0.99461091  0.89803863  0.99999064]
 [ 0.89089465  0.88695258  0.75032592  0.75437313  0.67724222  0.98966014
   0.66547352  1.0510788   0.96339858  1.00083089]
 [ 0.6823253   0.82215655  0.49166963  0.70899194  1.06637502  0.82866842
   0.68502843  0.99949682  0.86821568  1.00363088]
 [ 0.67559069  1.17626977  0.66919416  0.4351863   1.17398131  0.78350699
   0.34269962  0.97915578  0.84663743  1.00147402]
 [ 0.50981092  0.77434653  0.47208741  0.5846231   0.61053365  0.69149673
   0.30639693  0.87325937  0.59087068  0.91560823]
 [ 0.61467391  0.51948935  0.47014967  0.31021681  0.55137926  0.2779161
   0.49143717  1.01740801  0.55873895  0.88949704]
 [ 0.3803696   0.87803841  0.23849176  0.32300669  0.61833531  0.35751635
   0.29897344  0.96867836  0.62051141  0.95029736]
 [ 0.75184095  0.43321529  0.27629423  0.60503185  0.43442041  0.20047627
   0.52893037  0.92353785  0.44090599  0.84740871]
 [ 0.36291048  0.36497548  0.1248348   0.28025299  0.74776977  0.17734237
   0.50656593  0.97300416  0.37196127  0.87088472]
 [ 0.76647538  0.49175376  0.30384746  0.38988274  0.60997689  0.47997311
   0.23000793  0.96858788  0.53472042  0.79958349]
 [ 0.72006726  0.46147722  0.28377435  0.57244575  0.58680469  0.42921069
   0.2142833   1.00299835  0.41468173  0.95636439]
 [ 0.42669985  0.7710585   0.40184668  0.64976591  0.58473992  0.47344548
   0.22350769  0.99448872  0.68742502  0.92998385]
 [ 0.77944106  1.07932317  0.27780217  0.39306113  0.49124724  0.61849886
   0.47517926  0.99246144  0.39707792  0.99422759]
 [ 1.02909064  1.00046015  0.42206842  0.58398002  0.41733336  0.36631498
   0.26873663  0.99320328  0.72759384  0.991256  ]
 [ 0.91192514  0.54966521  0.49659532  0.94855809  0.68498915  0.50710291
   0.68499321  0.97789299  0.8187601   1.00000477]
 [ 0.87557644  0.8674379   0.801346    0.91629779  0.79849595  0.83079976
   0.57226539  0.99768305  1.06941593  1.00007939]
 [ 0.79145294  0.97971833  1.00782573  0.92454946  0.80273092  0.98027956
   0.48469862  0.99999988  0.83754182  1.00000346]
 [ 0.7655018   0.92234325  0.93100792  1.05675495  1.12063468  0.65097368
   0.71163166  1.          0.94745737  1.00000048]
 [ 1.00706625  1.03510284  0.99633133  1.00000012  1.          0.76169574
   1.15713739  1.          0.93792689  1.        ]
 [ 0.99999547  1.00185633  0.99999911  1.          1.00000024  0.99620569
   0.96642303  1.          0.9976697   1.        ]
 [ 1.          1.          1.          1.          1.          1.          1.
   1.          1.          1.        ]
 [ 1.          1.          1.          1.          1.          1.          1.
   1.          1.          1.        ]
 [ 1.          1.          1.          1.          1.          1.00000012
   1.          1.          1.          1.        ]
 [ 1.00000191  1.00461268  1.00002909  1.00151253  1.          0.99327922
   0.99196261  1.          0.98734164  1.        ]
 [ 0.99814242  0.9907074   1.02681327  1.00616622  1.00001466  0.99486989
   0.99215519  0.99999678  0.99959815  1.00016725]
 [ 0.99999803  1.03776646  0.99657255  0.89586079  0.94099164  0.96396375
   0.96119255  0.99596053  0.997693    1.00000167]
 [ 0.91603053  1.32784855  0.77540731  0.62793446  0.78319824  0.93895864
   0.8908937   0.92456234  1.00326586  0.99963003]
 [ 0.87815273  0.92290854  0.62552214  0.63433516  0.65044582  0.87803155
   1.02036762  1.01766014  0.7765165   0.99937093]
 [ 0.70659435  0.75333333  0.32994941  0.59874964  0.49292812  0.75624257
   0.48897111  0.79600245  0.71146911  0.98099875]
 [ 0.65988088  0.69339818  0.40023336  0.23764005  0.58054477  0.42978621
   0.65121073  0.95538163  0.36090678  1.03765476]
 [ 0.43108425  0.6917997   0.28246927  0.2015789   0.67313254  0.24035658
   0.29424381  0.80856603  0.4692663   0.81497681]
 [ 0.4263773   0.83240509  0.34177276  0.36762795  0.53355944  0.31544131
   0.5229795   1.10967255  0.39342391  0.78489351]
 [ 0.20776251  0.28908381  0.19536811  0.17590508  0.27925396  0.20761643
   0.2664223   0.97437668  0.1977019   0.62268382]
 [ 0.39331135  0.24675733  0.16089438  0.13630916  0.5896588   0.34411645
   0.42167112  0.99337244  0.10485726  0.75707692]
 [ 0.35717252  0.19223176  0.17118949  0.13579872  0.66431469  0.15150224
   0.3350926   0.91900903  0.18452187  0.69366801]
 [ 0.16852111  0.3309091   0.12821053  0.15495886  0.38486904  0.22818112
   0.234083    0.80111682  0.09946112  0.54403585]
 [ 0.26016083  0.34180892  0.17806573  0.20132054  0.4809072   0.114872
   0.40670437  0.92847216  0.13371678  0.53039557]
 [ 0.29305449  0.30712271  0.1344831   0.12458287  0.38270175  0.15534921
   0.12099156  0.94544899  0.08036719  0.54286516]
 [ 0.58980906  0.18418965  0.16035369  0.12451068  0.28997445  0.18684348
   0.20511764  0.78456998  0.17505258  1.09306288]
 [ 0.59753156  0.45250303  0.15259631  0.24987206  0.58297783  0.16236231
   0.21154375  0.93501967  0.17203726  0.44705141]
 [ 0.21457806  0.31759295  0.14378062  0.34212995  0.38501212  0.0865108
   0.32007003  0.98505056  0.25013211  0.41299149]
 [ 0.50560659  0.24691425  0.34442049  0.12051042  0.49411768  0.17742543
   0.48090854  0.97573113  0.41015697  0.73037207]
 [ 0.37315938  0.27787277  0.26923674  0.54208595  0.48722017  0.18850994
   0.27165866  0.83755767  0.30482483  0.84335524]
 [ 0.49459475  0.9734782   0.54758745  0.66051561  0.60690683  0.50221741
   0.30795136  0.88934791  0.21636364  0.86328578]
 [ 0.97917533  0.81574881  0.88256109  0.6827513   1.11716926  0.26168761
   0.58761436  0.99934435  0.53221023  0.99836373]
 [ 0.97094774  0.83059263  0.84235334  0.98537618  0.98978013  0.46581975
   0.43741283  0.99998689  0.96989357  1.00014603]
 [ 0.87086898  0.96882272  0.96385753  1.00001514  0.97403276  0.99631959
   0.80469197  1.          0.94664115  1.00000083]
 [ 0.99999934  0.98166102  0.99841261  1.          1.00283122  0.94153863
   0.89439619  1.          1.03427529  1.        ]
 [ 1.          0.9951849   1.00471413  1.          0.99999976  1.0019834
   1.00778425  1.          0.97806478  1.        ]
 [ 1.          1.          1.          1.          1.          1.          1.
   1.          1.          1.        ]
 [ 1.          1.          1.          1.          1.          1.          1.
   1.          1.          1.        ]
 [ 1.00144541  0.99596792  1.00018573  1.0011158   1.00000012  1.00438821
   0.99915743  1.          1.00430918  1.        ]
 [ 0.98331833  1.00308883  0.90925223  0.63738692  0.99766564  0.91262114
   0.84401286  1.00901175  1.00005937  1.00039315]
 [ 0.99328333  0.92032224  0.88612503  0.76213723  0.88289607  0.7472685
   0.75104415  0.8613289   0.98259449  0.99993837]
 [ 1.04193687  0.92689157  0.83973205  0.53554052  0.72936475  0.86871737
   0.69954383  0.87404799  0.78001279  1.00000083]
 [ 0.97144407  1.03906381  0.49330452  0.2755315   1.18310881  0.55391133
   0.70497549  1.02273417  0.46382701  0.97485626]
 [ 0.73855305  0.96069527  0.18793923  0.34051368  0.48024556  0.55110657
   0.31290942  0.73916256  0.64418048  0.9515022 ]
 [ 0.71651983  0.43809569  0.21857034  0.13232513  0.4235785   0.37643141
   0.28466192  0.70880103  0.15913914  0.63452184]
 [ 0.33214125  0.44865078  0.25063226  0.20991556  0.40452468  0.26115859
   0.3509028   0.59928817  0.12971662  0.42757615]
 [ 0.28531054  0.51673961  0.18343093  0.16798292  0.33650619  0.1676259
   0.57793003  0.38190946  0.20797409  0.33435786]
 [ 0.63073438  0.28199118  0.25799963  0.14449471  0.37249103  0.14846663
   0.31061468  0.70272255  0.08898341  0.32303566]
 [ 0.52570009  0.23250785  0.1834978   0.17944142  0.29829937  0.07197288
   0.40435904  0.36243334  0.0933172   0.18810724]
 [ 0.68620157  0.14670919  0.20148739  0.18489885  0.19708091  0.04131977
   0.25770018  0.32259467  0.08025862  0.19964233]
 [ 0.31593215  0.23575924  0.22738963  0.11834279  0.4335779   0.12905622
   0.13990009  0.34530666  0.15663338  0.14517747]
 [ 0.3772538   0.12679522  0.07117409  0.10484394  0.30971459  0.12916307
   0.19705752  0.63800937  0.11647341  0.11908607]
 [ 0.31977826  0.22652604  0.13311328  0.0846337   0.42573649  0.11189716
   0.20783126  0.23452708  0.09182441  0.15320075]
 [ 0.31629193  0.16710901  0.08178666  0.15329535  0.19929175  0.17669982
   0.12212659  0.36468711  0.11446299  0.22570707]
 [ 0.30823308  0.16500086  0.12259322  0.16282746  0.47415566  0.09646294
   0.1119675   0.57366359  0.14952236  0.26798844]
 [ 0.46448222  0.19705331  0.26969215  0.17906846  0.51556969  0.1362301
   0.17721497  0.8760311   0.10164794  0.29079282]
 [ 0.37209132  0.23477645  0.24437398  0.30366424  0.32175165  0.15676516
   0.33065477  0.49972415  0.14066865  0.37673661]
 [ 0.27922764  0.41033551  0.356217    0.46661317  0.41752741  0.18780753
   0.32715541  0.99983132  0.26054648  0.2832655 ]
 [ 0.62186074  0.43820891  0.37080169  0.57129967  0.30185616  0.28287449
   0.21928604  0.85511976  0.20858505  0.61920136]
 [ 0.25770351  0.44967225  0.68249041  0.42794511  0.6399895   0.1698921
   0.34693411  1.00494325  0.35234442  0.96592993]
 [ 0.53252906  0.8391071   0.87128013  1.12056541  0.64005202  0.34470785
   0.6585958   1.00196218  0.57122082  0.97681665]
 [ 0.8855778   0.72935009  1.00968277  1.00022364  0.56324744  0.7102887
   0.76734877  0.99994498  0.86458719  1.01104939]
 [ 1.0037508   1.05145764  0.9917177   1.00000024  1.06100678  0.85007888
   0.95920575  1.          1.06908202  0.99861485]
 [ 0.99604487  0.90727317  1.0038619   1.          1.00000012  0.97925758
   1.03852248  1.          1.0050745   0.99999988]
 [ 1.          1.          1.          1.          1.          1.          1.
   1.          1.          1.        ]
 [ 1.00000048  1.00000012  0.99829161  0.98839986  1.00000012  1.00003242
   1.          0.99996793  0.99982506  0.99137604]
 [ 0.96692204  0.98428363  1.00057769  1.06580126  1.01054025  1.02560067
   1.00322688  0.98669064  0.9933641   1.01099968]
 [ 1.          1.00386918  0.79594994  0.8002739   0.9666245   1.03591061
   0.92852294  0.52202129  0.99146718  0.99405783]
 [ 0.98853785  0.9491936   0.51287407  0.47912383  0.97355008  0.95498931
   0.84855568  0.66608417  0.91610229  0.97417814]
 [ 0.75636244  1.02327752  0.71038163  0.25956735  0.47140062  0.44035861
   0.91614062  0.44413209  0.60902691  0.90132391]
 [ 0.59758478  0.41959214  0.4505696   0.21736948  0.84492433  0.28684554
   0.9452852   0.53283072  0.53901702  0.70040399]
 [ 0.25340554  0.56745702  0.45859796  0.24774739  0.44513488  0.30670103
   0.28790158  0.31308401  0.28853619  0.47488338]
 [ 0.32100302  0.47489882  0.13717256  0.18846896  0.25972843  0.23785706
   0.32241938  0.26072934  0.12244526  0.46935308]
 [ 0.22465579  0.48248863  0.07272416  0.08887325  0.1275527   0.12112516
   0.30352041  0.12567703  0.13800904  0.21503823]
 [ 0.29186198  0.39791185  0.23286548  0.12627465  0.21153373  0.15371251
   0.26753515  0.35886937  0.11228837  0.23145357]
 [ 0.19031139  0.27134374  0.12218145  0.12781133  0.16144615  0.06102296
   0.34231526  0.18924648  0.04177639  0.19577995]
 [ 0.24911466  0.17496152  0.15753125  0.16781794  0.31047285  0.08155663
   0.14003026  0.14472806  0.15279493  0.18610688]
 [ 0.33181188  0.20406558  0.15711842  0.05576378  0.1728141   0.11066347
   0.31188899  0.37231976  0.18252017  0.18489538]
 [ 0.23748684  0.28206179  0.09502894  0.13463055  0.2135127   0.04041057
   0.21054256  0.12696323  0.09814023  0.11601442]
 [ 0.33724806  0.19938025  0.04547048  0.1676005   0.21613126  0.08688234
   0.16389912  0.10788958  0.11248823  0.12632695]
 [ 0.19625942  0.15206084  0.09445359  0.09629872  0.29687145  0.11474766
   0.06859533  0.25563842  0.0663336   0.06800435]
 [ 0.22558787  0.13573888  0.13578238  0.22988689  0.26671425  0.06924037
   0.21422856  0.33655685  0.12320109  0.12185318]
 [ 0.13082787  0.31295326  0.06800924  0.14511406  0.2370922   0.14559855
   0.27312973  0.16774476  0.14141735  0.07396411]
 [ 0.39124122  0.15579501  0.18608163  0.11259358  0.18455149  0.15080614
   0.1296141   0.15316014  0.14025709  0.16974244]
 [ 0.23808052  0.30143154  0.2209949   0.21595654  0.24258809  0.12389359
   0.14790376  0.28394723  0.17447072  0.25660878]
 [ 0.42788082  0.29487231  0.27205542  0.16783012  0.26539332  0.15343739
   0.38104293  0.44379222  0.17016667  0.26766258]
 [ 0.17975253  0.24411233  0.26406994  0.43918821  0.27416489  0.13297772
   0.36817378  0.85175121  0.16106072  0.49278408]
 [ 0.28763241  0.60814536  0.38006365  0.72940248  0.15773682  0.24838951
   0.94411618  0.64774752  0.13264672  0.5342983 ]
 [ 0.70075047  0.63601017  0.73892254  0.64100432  0.30089214  0.37980366
   0.89158779  0.92076516  0.38868344  0.96694809]
 [ 0.78029245  0.97523904  1.08367205  0.96093726  0.76401639  0.42076284
   1.17512512  0.94660282  0.6045984   0.96824849]
 [ 0.96168423  1.01434577  0.99990314  0.99998879  0.91974699  0.78178096
   0.95086324  0.99967033  0.91614687  1.01389503]
 [ 0.97596419  1.          1.          1.          1.00000095  0.96071172
   0.98841476  0.99999976  0.98843431  1.00000024]
 [ 1.          1.          1.          1.          1.          1.          1.
   1.          1.          1.        ]
 [ 1.00000596  0.97980255  1.00502574  1.00819254  0.99957287  1.00084031
   1.          0.99277705  0.98531687  0.98754716]
 [ 1.          1.02550817  1.09909248  0.91563284  0.98880327  0.97276449
   1.01320136  0.91388398  1.00071788  1.00666142]
 [ 0.99999964  0.9636721   1.33373725  0.97704202  0.74884468  0.77524388
   0.90993631  0.95640111  0.96852833  0.92116082]
 [ 0.99752718  0.76096416  0.47727537  0.65086424  0.83559084  0.59674013
   0.74980068  0.55683935  0.67373317  0.98480791]
 [ 1.00590205  0.5386095   0.24965709  0.34513533  0.46697435  0.55081892
   1.61005878  0.5026685   0.44217488  0.60750258]
 [ 1.01659584  1.21634436  0.49976557  0.26652616  0.41919127  0.23296322
   0.39785337  0.4019641   0.1618073   0.45359933]
 [ 0.46322587  0.65066248  0.4233149   0.15257175  0.42668009  0.39629278
   0.27440658  0.30982155  0.09252344  0.23017444]
 [ 0.29296005  0.68819994  0.1034905   0.08983916  0.31788555  0.20607714
   0.61680961  0.21501428  0.16799995  0.13163279]
 [ 0.32973117  0.37174699  0.1346812   0.26684397  0.13783759  0.14034618
   0.36799601  0.2882579   0.08764239  0.22905107]
 [ 0.17645933  0.44289941  0.14775476  0.09969938  0.18589279  0.18357201
   0.14060526  0.18355346  0.17830572  0.0826228 ]
 [ 0.17874201  0.20370808  0.13647994  0.16800156  0.18784676  0.15591659
   0.21314828  0.20360647  0.17272124  0.15328041]
 [ 0.27471122  0.2537185   0.176717    0.09499381  0.20316856  0.09066109
   0.10953234  0.19125663  0.05327266  0.14829212]
 [ 0.12914076  0.32063249  0.06093502  0.08651233  0.11938117  0.12793961
   0.18369126  0.18939996  0.13957624  0.12167893]
 [ 0.07408466  0.19432615  0.08666232  0.08593917  0.17443359  0.05634774
   0.1144985   0.17821376  0.12854362  0.07782508]
 [ 0.31151995  0.18181463  0.17777617  0.13146453  0.25927219  0.08370584
   0.16597688  0.1519056   0.07246464  0.13767482]
 [ 0.20969851  0.25148675  0.09739754  0.1448147   0.1334457   0.1090741
   0.21853529  0.11491781  0.11943386  0.07903615]
 [ 0.20955651  0.21889181  0.12664147  0.21762834  0.17704919  0.09211278
   0.2199904   0.13452969  0.13320418  0.11545388]
 [ 0.37577045  0.11455526  0.13377434  0.15507811  0.20348614  0.17024349
   0.36331117  0.17828846  0.04016497  0.168394  ]
 [ 0.1048828   0.1827431   0.30738962  0.2743957   0.17412885  0.11567861
   0.20588601  0.15383497  0.0997954   0.1360445 ]
 [ 0.27843839  0.37313411  0.28513855  0.11505445  0.25986671  0.18342923
   0.25837293  0.196052    0.10855736  0.15854675]
 [ 0.20145738  0.33167961  0.20282145  0.16482912  0.27217937  0.17968319
   0.18901321  0.2474335   0.07812093  0.27745646]
 [ 0.60949951  0.35638762  0.20374659  0.2749199   0.24447787  0.16046986
   0.30441174  0.54545414  0.16907272  0.37422302]
 [ 0.42212859  0.93921113  0.77478063  0.4586705   0.32485026  0.32339421
   1.0048089   0.29945254  0.46261501  0.29326949]
 [ 0.2969169   0.7351377   0.56713712  0.68527156  0.39870721  0.22037369
   0.64982587  1.49785411  0.35571194  0.64869207]
 [ 1.04015887  0.7809121   1.16709518  0.98700351  0.76804191  0.37667462
   0.60263479  1.06929338  0.47013953  0.79269278]
 [ 0.97240007  0.99903595  0.97347593  0.99816966  0.77596843  0.91494894
   0.99867767  0.98985916  0.77724707  1.00805044]
 [ 0.99538481  0.99986613  0.98871464  1.0000025   0.99892116  0.88363081
   1.03933179  0.99998981  0.89285767  1.00009108]
 [ 0.97380537  1.          0.99429613  1.          1.0046351   0.99999845
   1.          1.00866067  1.00002754  1.00972593]
 [ 0.99999976  1.02482271  0.9788723   0.95732331  1.0127914   0.99981701
   1.          0.85145086  0.99287832  0.9932245 ]
 [ 0.9837867   1.03748798  1.02456903  0.8953895   1.12823141  0.94559342
   0.98021638  0.78337473  0.99882436  0.94981849]
 [ 0.96099401  0.99509931  0.81207937  0.70564365  1.05183768  0.95178145
   0.9219206   1.05236256  0.85739917  0.83771992]
 [ 0.96866298  0.82327914  0.75258583  0.35517809  0.42527735  0.50512671
   0.86824167  0.58089185  0.51606292  1.14856339]
 [ 0.63857067  0.94774324  0.48219258  0.19724691  0.66522616  0.57760847
   0.65408206  0.17381801  0.40615612  0.78380251]
 [ 0.47082281  1.00018048  0.33267674  0.16191183  0.36861369  0.29812306
   0.45358568  0.4001326   0.15292732  0.37541917]
 [ 0.15809506  0.6994096   0.27541265  0.0892062   0.13942476  0.16933943
   0.22000523  0.35123307  0.3553575   0.40692428]
 [ 0.1988029   0.34151042  0.21996601  0.14169341  0.29202962  0.10621293
   0.29856032  0.18126684  0.0951085   0.36178479]
 [ 0.23513129  0.34562179  0.136225    0.12004926  0.16497852  0.07116076
   0.32341447  0.18572548  0.17752846  0.1185803 ]
 [ 0.22372569  0.33085877  0.19258247  0.12666342  0.22769897  0.0929223
   0.17767957  0.15859343  0.14686689  0.0996    ]
 [ 0.17190857  0.36667362  0.13448228  0.16900456  0.24324316  0.13150989
   0.20122443  0.17253356  0.1396876   0.09073883]
 [ 0.35901248  0.2794424   0.1651945   0.18017083  0.27455145  0.10344052
   0.28191242  0.18125838  0.13025697  0.07682498]
 [ 0.15076001  0.27065444  0.16099963  0.09219421  0.07523403  0.15051094
   0.27742395  0.15460423  0.16652161  0.06099234]
 [ 0.177705    0.12296436  0.11349078  0.19804013  0.09751023  0.10503371
   0.24721166  0.10243504  0.14062846  0.1373778 ]
 [ 0.13211831  0.22747643  0.17920379  0.09884457  0.23424926  0.14538953
   0.28999257  0.18769233  0.1881496   0.07231439]
 [ 0.17677332  0.12779959  0.14054124  0.18142912  0.15770771  0.08713958
   0.16563895  0.21787351  0.09425562  0.10161466]
 [ 0.1268829   0.24562417  0.1761373   0.15192588  0.23869     0.17151782
   0.22448085  0.12677768  0.10571262  0.10946524]
 [ 0.15943091  0.26913562  0.13929503  0.20385043  0.31572032  0.14495794
   0.38582715  0.13491881  0.1162804   0.0999844 ]
 [ 0.19447592  0.17405882  0.13980959  0.15478007  0.37438938  0.21553238
   0.15881212  0.08121673  0.09794061  0.15599634]
 [ 0.21535796  0.21833387  0.20444654  0.21208283  0.15524337  0.1449531
   0.32032502  0.16485095  0.11494394  0.14161447]
 [ 0.17183842  0.24920768  0.21626407  0.16868155  0.19172153  0.18059067
   0.69698465  0.10882597  0.05699779  0.11826187]
 [ 0.2862168   0.80477941  0.37904277  0.3673023   0.47787607  0.25378731
   0.69607735  0.30624819  0.13606812  0.37150201]
 [ 0.20646277  0.46723586  0.57710397  0.48122716  0.28097513  0.11326993
   0.45118219  0.41961917  0.12175082  0.22266574]
 [ 0.58943635  0.83516538  0.63011307  0.80225569  0.63453537  0.34467861
   0.61564881  0.36363682  0.45365053  0.67659962]
 [ 0.74476922  1.06915033  0.8534857   1.02578592  0.69838035  0.3943074
   1.09923768  0.8054722   0.48225018  1.26598406]
 [ 1.0304122   0.99853319  0.95462441  0.99988997  0.88851726  0.502482
   0.97545868  0.99725986  0.62746501  0.99017882]
 [ 0.99845564  0.99860215  0.98847926  0.99999917  0.99999237  1.04596281
   1.00447559  0.99999869  0.92336708  0.99956179]
 [ 1.          1.          1.          1.          0.98546541  0.99999702
   1.          0.99300742  1.00000012  0.99415851]
 [ 1.          1.          0.98516595  0.99606228  1.01159096  1.00080431
   1.          1.02445185  0.99400771  1.0030303 ]
 [ 1.02727342  0.97597241  1.07323241  0.99684387  1.15983784  1.00057626
   0.95147198  0.75146621  0.91987163  0.92847383]
 [ 0.91558218  0.98763394  0.96372163  0.57581794  0.71392685  0.93765903
   0.9999702   1.00503397  0.83817279  0.74163628]
 [ 0.7456702   0.57199925  0.32431489  0.53714621  0.36003971  1.14154446
   0.66133004  0.52098012  0.86720073  0.77425355]
 [ 1.10174942  0.95903921  0.66826046  0.41878465  0.65705609  0.27629003
   0.87557048  0.40069661  0.16694832  0.61856413]
 [ 1.18660414  0.46830457  0.1541906   0.17888187  0.43271008  0.61083579
   0.20319891  0.23509304  0.25312105  0.32785374]
 [ 0.28777349  0.72087842  0.26555285  0.25526419  0.29585987  0.17800516
   0.47800195  0.359698    0.17977074  0.16866595]
 [ 0.19790369  1.23426712  0.31050274  0.19707465  0.32222342  0.19845097
   0.24811079  0.15745518  0.17350216  0.07023908]
 [ 0.39782336  0.66229045  0.14684127  0.22184628  0.24690719  0.13229838
   0.33354765  0.16049634  0.14078121  0.15040356]
 [ 0.32956114  0.15021873  0.14790364  0.28460816  0.17087512  0.10257814
   0.23604973  0.16069999  0.1425129   0.11321831]
 [ 0.22491382  0.13224648  0.172778    0.13273504  0.24807003  0.11842529
   0.17694813  0.18769164  0.10576163  0.12532963]
 [ 0.22012262  0.18769164  0.31290498  0.17005664  0.22106123  0.12180759
   0.41698405  0.1196031   0.0682411   0.13026439]
 [ 0.15337552  0.2523725   0.19962387  0.25996414  0.21049534  0.10900772
   0.21708369  0.11035735  0.09920768  0.14487709]
 [ 0.14228627  0.15721215  0.21799901  0.15708144  0.11642843  0.15618694
   0.11406017  0.14886065  0.14793511  0.12897417]
 [ 0.27017704  0.23858473  0.1698902   0.12922227  0.2638731   0.13662408
   0.15320893  0.14590922  0.08141586  0.12628482]
 [ 0.32729995  0.14324608  0.1795318   0.09816498  0.14703332  0.14836037
   0.13465306  0.18687445  0.12366208  0.14581412]
 [ 0.08371472  0.09275575  0.10620821  0.09777177  0.21194503  0.09796774
   0.34551817  0.11431541  0.08756506  0.09418402]
 [ 0.1222191   0.1948223   0.13355146  0.130751    0.25122502  0.10455751
   0.36299869  0.12346581  0.10754985  0.04046358]
 [ 0.17693216  0.20135485  0.20614086  0.16684602  0.23480321  0.18840557
   0.50002009  0.190439    0.14656991  0.14531562]
 [ 0.27620134  0.42358094  0.41904578  0.20581546  0.14392422  0.22715902
   0.26550129  0.15869434  0.15203564  0.20205384]
 [ 0.35565203  0.38799441  0.17480308  0.06974857  0.35346028  0.17551747
   0.5614751   0.11315646  0.12519953  0.21469022]
 [ 0.22453     0.98885405  0.14710133  0.30350512  0.22868949  0.20316038
   0.36396077  0.38694048  0.25376484  0.33134595]
 [ 0.29002941  0.83370125  0.45827568  0.61309057  0.30862418  0.11676855
   0.5220778   0.45421481  0.1537257   0.40936899]
 [ 0.44602463  0.75589782  0.78767949  0.8230378   0.49586627  0.19684704
   0.61904663  0.63726783  0.37982541  0.54699826]
 [ 0.99816006  0.6741066   0.99564588  1.01827741  0.9370116   0.63368052
   0.66554946  0.72073323  0.44825798  0.74412674]
 [ 0.89942038  1.05823803  0.96418476  0.99967706  0.8322491   0.9453792
   0.88712746  1.00523019  0.57545406  0.98844033]
 [ 0.99999988  1.00002384  1.          0.99999976  0.99266237  0.99597645
   0.99415255  0.89530659  1.13381505  1.00176215]
 [ 1.          1.          1.          0.99999988  0.99410999  1.0000037
   1.          0.99094641  1.          0.9829669 ]
 [ 1.          0.99999976  1.00795007  0.89495623  0.97769213  0.99991357
   1.          0.9481349   1.00120497  1.05157566]
 [ 1.12790322  0.99846679  0.91685992  0.86662567  0.79884136  0.99408197
   1.04576707  0.89492297  1.01481199  1.00215304]
 [ 0.83959293  0.91819119  0.91171098  0.76338929  1.01321769  0.81805718
   0.98647565  0.84333986  0.48322776  0.73718464]
 [ 0.79620022  0.71777707  0.47082123  0.47450095  0.49026471  0.5736742
   0.74577379  0.22945125  0.37776834  0.30798787]
 [ 0.41134739  0.93205857  0.24631843  0.3901757   0.34562653  0.57729453
   0.45379478  0.4704797   0.33014315  0.40664816]
 [ 0.69209331  1.21022964  0.2473956   0.16070478  0.1971191   0.41635802
   0.55090332  0.21296842  0.27003381  0.23368749]
 [ 0.288827    0.88478899  0.15427969  0.28003088  0.31324196  0.16760474
   0.38770145  0.28358018  0.20395367  0.11473203]
 [ 0.23315889  0.26524135  0.10418324  0.28518155  0.17526048  0.20858118
   0.11859428  0.25589302  0.17399563  0.2314478 ]
 [ 0.37555218  0.37614763  0.11460735  0.17754433  0.21820603  0.1481289
   0.33379298  0.15854959  0.13283776  0.11667351]
 [ 0.23110576  0.25897065  0.20241572  0.08910773  0.1597819   0.12585859
   0.08661269  0.17058298  0.10240813  0.10126159]
 [ 0.27804279  0.41084856  0.16140151  0.2131737   0.06453801  0.11598173
   0.20370984  0.19344039  0.08363096  0.11051267]
 [ 0.3676731   0.16790773  0.28312269  0.07870807  0.26259968  0.07255078
   0.26193902  0.08175613  0.17089231  0.09276944]
 [ 0.26932523  0.13092493  0.15035945  0.07013208  0.17335543  0.16175923
   0.2268441   0.22736561  0.14379065  0.21624929]
 [ 0.19482906  0.09245203  0.06037944  0.13171284  0.21399952  0.05625354
   0.15812579  0.11804409  0.17814553  0.11995982]
 [ 0.15016313  0.15261523  0.15564787  0.10237166  0.21126093  0.06549365
   0.09884576  0.2148491   0.10077173  0.15351826]
 [ 0.48350471  0.1453284   0.1851922   0.03949517  0.13245617  0.11405549
   0.16105796  0.07382461  0.09186933  0.13530092]
 [ 0.21742521  0.22869244  0.12761578  0.09877427  0.16713452  0.14515749
   0.28657061  0.06071808  0.13403939  0.08749089]
 [ 0.29118428  0.22778593  0.21261565  0.09704189  0.16814132  0.18316931
   0.45884567  0.11456525  0.13096195  0.12453993]
 [ 0.2593365   0.43337357  0.09702372  0.0905645   0.11686879  0.1207805
   0.37813258  0.17835361  0.11583755  0.16672131]
 [ 0.25150186  0.51072747  0.28540957  0.11827777  0.17279175  0.197109
   0.3820664   0.20152366  0.1614079   0.10532548]
 [ 0.12235666  0.60545564  0.09770755  0.29497129  0.24465206  0.13541295
   0.21817796  0.26816598  0.1693643   0.11834025]
 [ 0.35363489  0.69574136  0.31205374  0.55758315  0.23081583  0.22712436
   0.26063603  0.23115654  0.19509029  0.26907596]
 [ 0.62655324  0.65992033  0.29205951  0.27987498  0.51601595  0.19015349
   0.53041911  0.60654974  0.2672576   0.28460309]
 [ 0.23137195  0.88645905  0.73277998  0.92894793  0.60495567  0.27500302
   0.46811858  0.48192963  0.32667518  0.93330735]
 [ 0.93296021  0.87963915  0.62762398  0.98950315  0.59794056  0.6749211
   0.57806027  1.04966664  0.38976291  0.83028358]
 [ 0.92393386  0.89881885  1.09347045  0.99998105  0.96674323  0.68385553
   1.05405962  0.76985162  0.79289848  0.9578563 ]
 [ 1.          0.99995089  0.9999994   0.99999976  1.00000048  1.01210868
   0.95683599  0.90468234  0.97657263  0.99467659]
 [ 1.          1.          0.99999988  0.99998671  0.99999964  0.99999899
   1.          0.99998516  1.          0.99999726]
 [ 0.96814573  1.00000465  0.98566461  1.04885268  1.0132153   1.00862503
   1.00000083  1.09470284  1.01256454  0.90499139]
 [ 1.          0.99178869  0.97886562  0.98217034  0.84872764  0.91834313
   1.00000072  0.75015318  0.96551371  0.66151297]
 [ 0.82083857  1.06683731  1.08941126  0.92657435  0.8727234   0.9472037
   0.93491691  0.90829492  1.05231738  0.46714735]
 [ 0.76441342  1.09200299  0.35779402  0.52516836  0.65088028  0.7515052
   0.83295333  0.26479679  0.55003655  0.21138281]
 [ 0.55061978  1.4345758   0.28325337  0.41670576  0.25944042  0.32127565
   0.55674309  0.30904785  0.38744843  0.13223436]
 [ 0.29827249  0.79739517  0.39698198  0.36939231  0.23226066  0.19108403
   0.27169809  0.16862576  0.15379879  0.2614803 ]
 [ 0.25761423  0.8364687   0.1022718   0.30909064  0.29334971  0.22080623
   0.22594799  0.16126791  0.17916334  0.13902089]
 [ 0.18921866  0.43763959  0.12075968  0.15411632  0.08411722  0.10257943
   0.37427506  0.22907296  0.12181424  0.10861929]
 [ 0.30188939  0.50265372  0.15062681  0.24985033  0.12556086  0.11345278
   0.1995316   0.12298702  0.10957433  0.15916832]
 [ 0.45514548  0.35740352  0.44386551  0.20739259  0.10540487  0.09156643
   0.25566041  0.12378595  0.05259552  0.11739439]
 [ 0.19087711  0.39379206  0.11532909  0.20052457  0.19314042  0.12113667
   0.15903524  0.26739794  0.12254482  0.06940143]
 [ 0.22024323  0.09811332  0.3082478   0.10176995  0.13563478  0.11741421
   0.22943769  0.0833908   0.05921746  0.14526531]
 [ 0.31712463  0.23046996  0.09847745  0.19444235  0.27987087  0.1151199
   0.14141984  0.37031388  0.17050275  0.17446542]
 [ 0.47840661  0.18022509  0.15807337  0.12409947  0.34247491  0.10230806
   0.31659311  0.20060593  0.07776751  0.15247974]
 [ 0.41660878  0.14186092  0.12970687  0.14714187  0.20127335  0.16623192
   0.30348426  0.19846308  0.11169802  0.18538396]
 [ 0.30198511  0.17973588  0.13000284  0.1562259   0.1970167   0.09295684
   0.24282451  0.1664342   0.12386589  0.11445895]
 [ 0.2753379   0.09388649  0.14193477  0.12390613  0.20225038  0.23344615
   0.16095507  0.22035417  0.13273202  0.06329829]
 [ 0.16405636  0.24573317  0.08822854  0.28186378  0.16289806  0.13238652
   0.24671923  0.12457888  0.12499767  0.12844875]
 [ 0.21128215  0.50272238  0.09951216  0.14001368  0.19616899  0.15620714
   0.18962169  0.15947135  0.20281483  0.04948447]
 [ 0.37095386  0.68876225  0.24364592  0.17789261  0.21379152  0.17383404
   0.40811694  0.18643646  0.24734749  0.12219431]
 [ 0.35744771  0.56291789  0.2434641   0.31300896  0.32360122  0.31147087
   0.25504392  0.24068592  0.24033333  0.16599295]
 [ 0.52299857  0.86746335  0.21877095  0.27952927  0.80903208  0.24251346
   0.3763918   0.34140432  0.31030127  0.16076222]
 [ 0.21790496  1.09017038  0.5225932   0.41421953  0.22966199  0.25069624
   0.23954503  0.57969731  0.34754434  0.26443449]
 [ 0.77688414  0.80167705  0.5142771   0.96364105  0.70250648  0.26096502
   0.35159948  0.70373487  0.21227962  0.82532334]
 [ 0.70506757  0.89242655  1.06707692  1.03457308  0.62567246  0.9324013
   1.15490961  1.11038172  0.57784271  1.01052845]
 [ 1.15791035  1.04741478  0.81461942  0.99993086  0.85960925  0.81808311
   0.97122467  1.01223063  0.73454839  0.94926798]
 [ 0.99999964  0.99242818  0.95784771  1.          0.99643505  0.99997157
   1.05409217  0.99548888  1.00641155  0.99985123]
 [ 1.          1.          0.99999952  1.00000298  1.          1.          1.
   0.99997711  1.          1.00001574]
 [ 1.          0.99999011  1.00426364  1.00300419  0.98392314  0.93649971
   1.00000048  0.96973723  0.98601758  0.98622024]
 [ 1.          1.00214303  1.00005054  0.91587865  0.91443831  0.93086308
   0.99999928  0.65875566  0.97872376  0.72668266]
 [ 0.81580567  1.00649524  1.1608634   1.02881896  0.89531595  0.7248947
   0.93390769  0.82676822  0.60748094  0.63802421]
 [ 0.55237496  0.93904805  0.3726005   0.29637009  0.4270964   1.16747952
   0.466728    0.36108571  0.78773439  0.34206188]
 [ 0.34723347  1.01667953  0.32744551  0.4769339   0.17845672  0.21209498
   0.57725513  0.3431569   0.49267191  0.29631233]
 [ 0.4025721   0.97647148  0.59958166  0.31111479  0.37968501  0.19222577
   0.52576452  0.28582886  0.12795462  0.16169718]
 [ 0.12824471  0.54162562  0.31587619  0.32224113  0.18494086  0.25977358
   0.37096623  0.27476963  0.10786539  0.11815161]
 [ 0.49616367  0.71428311  0.26499593  0.20549297  0.14862753  0.17150718
   0.08567473  0.1913981   0.19909562  0.16890378]
 [ 0.16915174  0.33012792  0.29123971  0.19259633  0.15730587  0.10944601
   0.41156414  0.18204221  0.13333261  0.07212496]
 [ 0.33034769  0.42429355  0.23716781  0.06011961  0.09260038  0.05529207
   0.19971243  0.18893497  0.10500645  0.12764053]
 [ 0.31459886  0.21971293  0.07482628  0.13654275  0.17707966  0.07598276
   0.23475042  0.11177488  0.15071777  0.08082932]
 [ 0.27602631  0.2101123   0.10108027  0.10082077  0.26522976  0.10592688
   0.22546905  0.12810649  0.08677109  0.13354114]
 [ 0.26108071  0.16663888  0.31347463  0.13326989  0.16137007  0.07663905
   0.14946918  0.11511683  0.09631528  0.17854418]
 [ 0.29981554  0.12855798  0.14910303  0.17786057  0.28170809  0.10865051
   0.19847541  0.10210454  0.08146981  0.15530664]
 [ 0.50271344  0.12467127  0.17501394  0.06382149  0.15196386  0.14183132
   0.30941117  0.16885576  0.04419046  0.15011224]
 [ 0.49304795  0.13295048  0.12179314  0.21493736  0.12762742  0.09252528
   0.26792243  0.08546813  0.10509713  0.10359153]
 [ 0.20434587  0.20621864  0.17339201  0.11697017  0.14957257  0.07366315
   0.12349551  0.11609806  0.18963037  0.0957385 ]
 [ 0.29347399  0.21975571  0.12318192  0.25549793  0.20654052  0.12790595
   0.26336858  0.14751954  0.16770171  0.09150703]
 [ 0.14748837  0.76818991  0.14493227  0.21195698  0.3371245   0.15410261
   0.27878174  0.18061465  0.14598566  0.2062366 ]
 [ 0.1787086   0.49923977  0.22069475  0.15114     0.11859513  0.1998578
   0.20630255  0.17908341  0.1362846   0.05135199]
 [ 0.31268784  0.90102446  0.17779662  0.42382628  0.39112458  0.57997435
   0.28964826  0.2847656   0.18825567  0.29520425]
 [ 0.1755892   0.79423237  0.2429111   0.47014588  0.78310388  0.45398462
   0.25522161  0.16451304  0.23991646  0.30578595]
 [ 0.26871073  0.94248021  0.62108672  1.09633267  0.62535131  0.46775138
   0.20003474  0.41211396  0.39564234  0.68585473]
 [ 0.28366584  1.01514685  0.9163779   1.07552516  0.914406    0.5445866
   0.59341103  1.03374064  0.4018769   0.551772  ]
 [ 1.41167021  0.99684924  0.73496646  1.01131797  0.65317237  0.98908865
   0.65932405  0.58230579  0.79926074  0.97416055]
 [ 0.86747092  0.98335218  0.66529447  0.99992526  1.07211912  0.83451068
   0.97680479  0.94503063  0.65127814  1.00650775]
 [ 0.99988174  1.00158226  1.01089334  1.          1.03899753  1.00011802
   1.04421008  0.96971518  1.00318801  1.00254512]
 [ 1.          0.99995959  1.00000012  1.          1.          0.99999988
   1.          0.99997413  1.00000441  0.99999899]
 [ 1.          1.          1.00000012  0.96315253  0.91610169  0.99994552
   1.          0.95134479  1.00962758  0.99225831]
 [ 1.          1.01711714  1.00000024  0.99980593  0.96075797  0.99955237
   1.00000012  0.73682415  0.99327254  0.89692307]
 [ 0.9833284   0.96650177  0.71643072  0.7347315   0.72401154  0.86973429
   0.89714849  0.52543002  1.19768846  0.56771421]
 [ 0.52108568  0.90778816  0.33037201  0.78454554  0.19520366  0.63707554
   0.92844653  0.44007954  0.72631216  0.43451709]
 [ 0.45814174  1.00139165  1.12734747  0.47741121  0.13983852  0.22019216
   0.74467164  0.50366837  0.50487614  0.1474316 ]
 [ 0.27960786  0.80670542  0.88817018  0.31361592  0.29351833  0.18034683
   0.24876577  0.28483367  0.23192145  0.16132249]
 [ 0.26537389  0.70702839  0.17911151  0.33452639  0.17709744  0.18164307
   0.35975665  0.10600827  0.13179769  0.12579876]
 [ 0.24371488  0.85322076  0.49397558  0.2943345   0.15670952  0.10632398
   0.31353986  0.0677212   0.20927931  0.07526865]
 [ 0.20947693  0.73087746  0.18577795  0.18379414  0.13046655  0.16727099
   0.11787638  0.1352551   0.14972939  0.11289029]
 [ 0.21720748  0.36723384  0.14920141  0.17552368  0.24230091  0.14270486
   0.25852585  0.07250144  0.10167422  0.07087329]
 [ 0.14904295  0.22535478  0.16545773  0.08620922  0.11573839  0.13312601
   0.27430561  0.1741675   0.06582397  0.14314888]
 [ 0.30905503  0.22929828  0.25765789  0.09477492  0.11130968  0.13367891
   0.25480962  0.25234464  0.04713719  0.12555224]
 [ 0.32240227  0.18544863  0.13500787  0.06988387  0.15340538  0.17130561
   0.21579565  0.17603125  0.07956462  0.10828482]
 [ 0.4740741   0.12257098  0.21675262  0.10415316  0.15199715  0.11324428
   0.23072864  0.34050602  0.08094213  0.14398307]
 [ 0.27149683  0.13010782  0.11621131  0.10413437  0.12721455  0.08093169
   0.17282775  0.13252175  0.10926616  0.11274376]
 [ 0.21256861  0.14344017  0.11443895  0.13167262  0.22130585  0.17493591
   0.13946904  0.12822951  0.05996323  0.14693029]
 [ 0.27723119  0.22971655  0.18557855  0.16507848  0.10503919  0.17338559
   0.1538225   0.21070798  0.10211702  0.08650982]
 [ 0.32511398  0.53909546  0.20157599  0.11696095  0.18575449  0.14047433
   0.10577837  0.2003469   0.09525678  0.0833602 ]
 [ 0.23379466  0.60021508  0.14669973  0.29458058  0.21669714  0.16461812
   0.25203761  0.14431353  0.16133335  0.16951062]
 [ 0.24700627  0.44843841  0.24099118  0.31768322  0.13028187  0.16435659
   0.15634529  0.09019499  0.34016412  0.15764071]
 [ 0.15356284  0.96249646  0.25745785  0.53222132  0.23254612  0.09836423
   0.20390022  0.36021981  0.34584367  0.15138829]
 [ 0.21767016  0.91617817  0.39593482  0.35238633  0.2574971   0.38325235
   0.21413763  0.48948711  0.86523676  0.32042581]
 [ 0.53012264  0.98317158  0.18690866  0.71663612  0.34174082  0.28988367
   0.19997784  0.41517329  0.2123287   0.80745703]
 [ 0.44626117  0.93077397  0.98437643  1.00511289  0.66865766  0.7930972
   0.82545048  0.42037115  0.34246248  0.57243407]
 [ 0.85338378  0.9419055   0.50689185  1.04358625  0.81057817  0.81895518
   0.32597464  0.84967351  0.97542912  0.82789153]
 [ 1.01211774  1.00181663  0.5837633   1.00001121  1.04488158  0.96661901
   0.89651644  0.96686542  0.90286541  0.99066675]
 [ 0.99557757  0.99999988  0.81690162  0.99999338  0.92832643  0.99810928
   0.9282378   0.94474566  1.00003839  1.        ]
 [ 1.          1.          0.99997866  0.99346113  1.00000012  0.92423713
   1.00000405  1.          1.00001121  1.00032127]
 [ 1.          1.          1.0017283   1.01835942  0.95826519  0.99999809
   1.          1.01069915  1.          0.97485417]
 [ 1.          1.00530982  0.98876405  0.98402977  0.96206528  0.99917763
   1.          0.78163141  0.99999976  0.94876015]
 [ 0.98275745  0.99502176  0.83963257  0.60441142  0.98651516  0.67976511
   1.00581837  0.69273692  1.00561452  0.6195991 ]
 [ 1.09074426  0.90478945  0.63335288  0.57301664  0.40925536  0.43678176
   0.89118028  0.27639911  0.97521955  0.30699977]
 [ 0.45025986  1.02232826  0.40481448  0.56815815  0.35260049  0.23847871
   0.19293018  0.2537761   0.67828292  0.21686406]
 [ 0.17184976  0.90521234  0.19014975  0.23676327  0.41495848  0.22780511
   0.34061325  0.10705172  0.51896763  0.20596896]
 [ 0.27932835  0.5740841   0.15256879  0.50787562  0.20275158  0.34975111
   0.14376803  0.09810262  0.1508289   0.17546207]
 [ 0.22061685  0.78393489  0.21858357  0.31197852  0.19645445  0.10216761
   0.26305044  0.09075417  0.15745518  0.08926234]
 [ 0.17669991  0.60970187  0.21319441  0.21594176  0.1088943   0.18020818
   0.18627341  0.17372492  0.09388583  0.10501815]
 [ 0.18509522  0.31361559  0.15587741  0.31076643  0.19005246  0.11920565
   0.31414688  0.23531191  0.10382193  0.18527234]
 [ 0.14783424  0.21305397  0.19001874  0.14338884  0.16638909  0.08400171
   0.08881806  0.20189157  0.11731796  0.10272229]
 [ 0.45552924  0.13435408  0.24767314  0.0623      0.2695494   0.10770314
   0.20354733  0.31075472  0.09669802  0.14816734]
 [ 0.34162366  0.18091145  0.17989394  0.10796706  0.20405303  0.06631151
   0.22775251  0.164709    0.13562678  0.14849438]
 [ 0.31399116  0.18630885  0.11803128  0.14121646  0.05460885  0.09856462
   0.31624502  0.19710657  0.05886259  0.05420344]
 [ 0.4590537   0.18903631  0.13923663  0.08931479  0.11115203  0.15526336
   0.2707338   0.18549785  0.10202532  0.08571555]
 [ 0.35769743  0.24410233  0.19038391  0.15500766  0.10685226  0.13671371
   0.16700067  0.13334386  0.06237942  0.05111404]
 [ 0.49178016  0.43112257  0.21352531  0.21986747  0.11588215  0.13577697
   0.17655414  0.06257282  0.14479584  0.10191239]
 [ 0.30161008  0.55854875  0.30689383  0.12145778  0.23533209  0.14993289
   0.09239715  0.22331396  0.1849815   0.18141171]
 [ 0.21280472  0.67554265  0.12507972  0.20238817  0.10147196  0.14330858
   0.40571684  0.12126255  0.12997907  0.12163249]
 [ 0.10941812  0.5482676   0.12173476  0.1990162   0.25482532  0.19569762
   0.21849725  0.17250396  0.10910232  0.23864397]
 [ 0.17876025  0.83734059  0.2690132   0.36189991  0.22766365  0.22939411
   0.25602758  0.43458405  0.15562963  0.32840103]
 [ 0.209998    0.75937736  0.45277783  0.25619468  0.50593758  0.36963326
   0.13121353  0.20457838  0.15526511  0.70369995]
 [ 0.60799056  0.88532448  0.44324583  0.49342009  0.49497598  0.29356021
   0.56988776  0.57210094  0.43236944  0.80086154]
 [ 0.75716472  0.70349199  0.35561714  0.68002617  0.59533501  0.77157623
   0.44150397  0.63524187  0.33383182  0.59804571]
 [ 0.98763645  0.96484035  1.34399414  1.00467026  0.3785488   0.62655312
   0.6174143   0.88737398  0.99066293  0.98266184]
 [ 0.99464703  0.98119909  0.70425844  0.99968755  0.81823534  0.99382305
   1.02906454  1.04958987  0.88014352  1.00721741]
 [ 0.99999988  1.00000012  0.97490782  0.99999726  0.99330556  1.
   0.99987888  1.00013232  1.          1.        ]
 [ 1.          1.          0.99999785  0.99921489  1.0000031   0.97935683
   1.00000072  1.00000024  1.00003052  0.99983013]
 [ 1.          1.          0.94738007  1.00526047  1.          1.          1.
   1.          1.          1.        ]
 [ 0.9999994   0.9754836   1.00139117  0.97107267  1.04394901  0.99591333
   1.          1.07075393  0.99999416  1.07839751]
 [ 0.73864776  1.00009298  0.94577271  0.53496659  0.73044378  0.6688723
   0.96326876  0.30059448  0.91586798  0.59123921]
 [ 0.39987144  0.9960494   0.57770622  0.36951602  0.73723626  0.5734297
   0.46965066  0.46266282  1.06388235  0.28992566]
 [ 0.50290537  0.79251814  1.02636814  0.50815743  0.42490971  0.20323315
   0.24510726  0.28754181  0.74850851  0.53791893]
 [ 0.30745944  0.97255802  0.11041115  0.32879049  0.22359835  0.5381707
   0.33273664  0.22344629  0.19624463  0.13169812]
 [ 0.2087363   0.69901919  0.31027696  0.26267773  0.30969036  0.12989575
   0.53983963  0.30605325  0.10219388  0.16826606]
 [ 0.32235134  1.19232631  0.3056969   0.18283944  0.12664442  0.09449968
   0.15471657  0.2347329   0.30002117  0.1515469 ]
 [ 0.36833957  0.67558926  0.14648022  0.20348519  0.20696698  0.13708203
   0.10030008  0.18616229  0.11547726  0.12501934]
 [ 0.21511504  0.37699708  0.12923317  0.12620245  0.11772475  0.1965095
   0.26478463  0.24237277  0.14093198  0.11488465]
 [ 0.38544935  0.42243963  0.14991915  0.08397836  0.09242921  0.11463722
   0.24788465  0.1376715   0.07841261  0.15311585]
 [ 0.37325352  0.15174593  0.06343681  0.11211265  0.18484217  0.14855593
   0.25043023  0.21342131  0.12837526  0.10437345]
 [ 1.0881629   0.05949472  0.12291018  0.15369636  0.14148183  0.20023529
   0.26328254  0.23659813  0.0875383   0.12430245]
 [ 0.47961363  0.13802795  0.0915203   0.17357923  0.09401888  0.09642863
   0.32691568  0.17015488  0.0682471   0.0965137 ]
 [ 0.48315388  0.16768891  0.09571998  0.09785219  0.17394184  0.13644853
   0.32263741  0.13150874  0.08167857  0.11344534]
 [ 0.43877512  0.26756743  0.11889271  0.08676343  0.10594286  0.19388936
   0.32770437  0.14577301  0.08677939  0.07530336]
 [ 0.30457327  0.40158638  0.09600581  0.1151828   0.15291147  0.07755916
   0.12182268  0.17391759  0.15882637  0.10328355]
 [ 0.21158957  0.41797739  0.22913429  0.10237048  0.13496287  0.08723912
   0.10680876  0.13523667  0.08541614  0.08535878]
 [ 0.35794762  0.72045869  0.14786817  0.17373134  0.22675556  0.13770059
   0.19718184  0.09296206  0.17759882  0.13092263]
 [ 0.16500318  0.8206237   0.35463554  0.15628657  0.18953924  0.20893344
   0.31935358  0.1646266   0.18900059  0.23027831]
 [ 0.24229839  0.73503941  0.34513915  0.16056061  0.27401835  0.30518624
   0.19975479  0.24169785  0.29519707  0.41952923]
 [ 0.34519121  0.91346252  0.51760209  0.23636948  0.20275742  0.17266637
   0.45763421  0.55485123  0.28936422  0.3728967 ]
 [ 0.19410311  0.92156005  0.41923943  0.85851055  0.28477216  0.33012596
   0.32939747  0.6016987   0.20018962  0.6695962 ]
 [ 0.81934941  0.91265213  0.3899239   0.8352021   0.34648699  0.21088099
   0.17817725  0.62425947  0.64591676  0.9934622 ]
 [ 0.99262011  0.94148791  0.52778506  0.9577018   0.79080665  0.96458423
   0.69091678  1.38756323  0.78577709  0.84271842]
 [ 0.99458873  0.99813032  0.65988958  0.99775738  0.98228371  0.98518187
   0.98787367  0.93609762  0.98979884  0.90815437]
 [ 0.99999309  1.01047194  1.01558805  0.99999976  0.97299898  0.99117267
   1.00076365  1.00000024  1.00136971  1.00011957]
 [ 1.          1.          1.          1.          1.          1.          1.
   1.          1.          1.        ]
 [ 1.          1.00000012  0.98329079  0.97128898  1.          0.99998748
   1.          1.00000072  1.          1.        ]
 [ 0.9890641   0.99764711  0.91041011  1.10480142  0.98912936  0.92152148
   0.99999899  1.00700545  0.99737275  0.98131877]
 [ 0.68262929  1.          0.51107967  0.93992472  1.25977349  0.6584965
   0.94843835  0.59466863  0.89415908  0.78791595]
 [ 0.24004081  0.99623579  0.26705128  1.69907594  0.41857904  0.9950282
   0.76625204  0.28232551  0.74920595  1.03479719]
 [ 0.35979983  0.78455454  0.27029002  0.26619214  0.46718866  0.29069191
   0.20477608  0.33192101  0.66121465  0.25344107]
 [ 0.12896715  0.6508038   0.12046604  0.53300095  0.29108816  0.18257369
   0.34326401  0.2572352   0.23343454  0.0886661 ]
 [ 0.21742599  0.53220129  0.22004427  0.2761637   0.20375428  0.25172675
   0.4068146   0.27718157  0.19099864  0.16841616]
 [ 0.27067271  0.87149501  0.12331808  0.21674861  0.23205066  0.11796125
   0.27060667  0.17901562  0.11485361  0.16986525]
 [ 0.21647137  0.38594517  0.13746706  0.26478878  0.19002594  0.13221066
   0.2392289   0.28939232  0.17512542  0.16360521]
 [ 0.10170028  0.35403383  0.07321166  0.16238724  0.1637615   0.19543646
   0.22718868  0.22556219  0.11016945  0.17345987]
 [ 0.25821716  0.26113138  0.14192246  0.09215105  0.15226416  0.12845787
   0.15874174  0.12118821  0.13699129  0.10709809]
 [ 0.37578332  0.09255093  0.08261973  0.27763006  0.0775436   0.16846874
   0.25228655  0.21782136  0.04978689  0.16581491]
 [ 0.56573063  0.16100328  0.12295276  0.05878481  0.21633503  0.1300602
   0.13111284  0.12480428  0.09179799  0.13129246]
 [ 0.42701009  0.14570563  0.08275989  0.08294149  0.18334052  0.19723371
   0.25208127  0.09087131  0.07317887  0.15872821]
 [ 0.15421911  0.17940117  0.0873371   0.14711685  0.19464853  0.1414987
   0.11850809  0.15411375  0.12893519  0.12126213]
 [ 0.29292804  0.32849458  0.10060681  0.14813116  0.1442996   0.0708533
   0.28650382  0.22071953  0.15973406  0.09946424]
 [ 0.25125954  0.37809044  0.08964322  0.27520481  0.11090346  0.08478551
   0.27517885  0.11569347  0.14215341  0.14460778]
 [ 0.16822837  0.41774952  0.15408678  0.12602139  0.16815422  0.07275187
   0.18673708  0.19296469  0.14299276  0.18230501]
 [ 0.2091091   1.39209616  0.12345368  0.22785465  0.22809751  0.14005783
   0.12814792  0.13742216  0.23988721  0.22898118]
 [ 0.2967639   0.91653359  0.16777964  0.1628602   0.34665897  0.21866587
   0.14966257  0.3116872   0.15508546  0.27455977]
 [ 0.51101756  0.75478566  0.2840856   0.18029179  0.28856415  0.24062735
   0.32846507  0.14777377  0.42172632  0.32448751]
 [ 0.29531267  0.90207422  0.29377827  0.39683235  0.28800723  0.19061881
   0.25603172  0.41794851  0.28238946  0.5139392 ]
 [ 0.19800335  1.11677122  0.17012765  0.4086161   0.29505026  0.18871219
   0.38443288  0.24522583  0.22236705  0.47505051]
 [ 0.22483556  0.747244    0.16483428  0.55487788  0.34120741  0.36154073
   0.90564293  0.32698074  0.70058858  1.07692504]
 [ 0.81324351  0.9394114   0.45495442  1.05360329  0.64019394  0.68657631
   0.63606513  0.91813725  0.72603643  0.77850825]
 [ 1.0215857   1.01112902  1.39820182  1.01548588  0.74596536  1.01966107
   0.90789992  0.83438981  0.99063581  1.01465774]
 [ 1.00943458  1.01149797  1.03958499  0.99999976  0.99724257  0.99378031
   0.97512066  1.01377082  0.98789549  1.00000191]
 [ 1.          1.          1.          1.          1.          1.          1.
   1.          1.          1.        ]
 [ 1.          1.00000012  1.01687205  1.00521851  1.          0.99999034
   1.          1.          1.00000024  1.00000048]
 [ 0.96956474  1.          0.85446995  1.17779064  1.08654845  0.90557235
   1.          0.99477994  1.00008261  0.88630992]
 [ 0.79164678  1.00000012  0.66859472  0.54987454  0.59434646  0.60514104
   0.99094576  0.73863167  0.96654868  0.96500224]
 [ 0.42766041  0.9915899   0.29487595  0.45526272  0.32322103  0.77519691
   1.10047317  0.46416169  0.74131858  1.00448728]
 [ 0.33934352  0.97174591  0.4539631   0.80742359  0.56179065  0.31885836
   0.57169378  0.30955654  0.52692044  0.24432281]
 [ 0.18669613  0.93502325  0.21152137  0.39285368  0.27991572  0.2346241
   0.48992112  0.3457092   0.23296152  0.50478947]
 [ 0.13504088  0.56362438  0.17176884  0.07470249  0.3084234   0.21969685
   0.1893034   0.30727369  0.28231108  0.44465598]
 [ 0.24033371  0.71133435  0.21106654  0.28220877  0.26205957  0.1154113
   0.10088252  0.277906    0.17636907  0.26871586]
 [ 0.1761605   0.22438465  0.1573244   0.22958116  0.21196836  0.2506547
   0.07399046  0.14686544  0.07547826  0.21657026]
 [ 0.27036574  0.3138634   0.12076676  0.19967407  0.15003571  0.18156563
   0.29432091  0.29648423  0.05834633  0.19830872]
 [ 0.2561394   0.16416712  0.09784863  0.28981459  0.10650242  0.20697299
   0.10791998  0.2495057   0.22296643  0.20063451]
 [ 0.23595256  0.1271989   0.09763674  0.17805316  0.15230092  0.11449137
   0.28760853  0.1221019   0.12609832  0.13730206]
 [ 0.40713584  0.13093193  0.12445446  0.32269344  0.17414579  0.11969396
   0.30497563  0.20278195  0.10641766  0.12412853]
 [ 0.21066192  0.08551081  0.10289354  0.245033    0.23506713  0.21305281
   0.21334563  0.12751891  0.12249736  0.13049197]
 [ 0.34918639  0.13211988  0.10372608  0.1431088   0.15762259  0.16276284
   0.19057339  0.16422236  0.08451167  0.07021553]
 [ 0.30213404  0.22428322  0.18964998  0.10380357  0.23440507  0.21661173
   0.28530669  0.10115256  0.08584279  0.07423431]
 [ 0.15794115  0.24301283  0.16714351  0.19866668  0.22817495  0.13008992
   0.23465785  0.13014467  0.09183714  0.14402643]
 [ 0.2926071   0.24761117  0.13810562  0.15781605  0.15434681  0.07575889
   0.1968347   0.28070688  0.23252949  0.161359  ]
 [ 0.43236512  0.51277405  0.29055741  0.17294027  0.19861028  0.11705597
   0.18699855  0.2189531   0.07371631  0.23335299]
 [ 0.25070155  0.43980104  0.19050856  0.15670788  0.18553635  0.08472177
   0.30680463  0.20824942  0.10825402  0.25528219]
 [ 0.2447077   0.55308497  0.17541106  0.15638077  0.25328514  0.13822927
   0.27709654  0.29700628  0.18141937  0.25909799]
 [ 0.64289641  0.67262077  0.23754381  0.13699608  0.26247841  0.21699725
   0.35235664  0.25386295  0.43919045  0.73327184]
 [ 0.13986909  0.5459522   0.22653003  0.38389733  0.43764588  0.28856021
   0.4727903   0.89669055  0.59762484  0.80134642]
 [ 0.4310596   0.66895568  0.27967152  0.63976794  0.6978361   0.33269134
   0.3296577   1.56442273  0.3088825   0.63605446]
 [ 1.05893373  0.68039417  0.55644727  0.90340924  0.96416461  1.02347541
   0.67004019  1.09687603  0.84717786  0.97261512]
 [ 0.99164933  1.13848627  0.70253128  0.98852849  0.90600508  0.95834517
   1.04665756  1.06886005  0.97426379  1.00009847]
 [ 1.06962109  1.02425468  0.97271717  1.          0.80593729  0.99673879
   1.00191736  1.04482114  1.00007975  1.0063349 ]
 [ 1.          0.99998087  0.99999809  0.9999696   1.01208901  1.          1.
   1.00433362  1.00006568  0.99658167]
 [ 1.          0.99992847  0.99796051  1.00079548  1.          1.00003529
   1.00000012  1.          0.999942    1.00000298]
 [ 0.94785321  1.          1.10702825  1.10062349  0.85771847  1.00354362
   1.          1.00408852  1.00000024  1.00430441]
 [ 0.82641017  1.          0.91149408  0.49017206  0.62868458  0.79844981
   0.93604708  1.02456975  1.03149962  0.9446308 ]
 [ 0.33819187  0.99125069  0.65331852  0.19975364  0.82501364  0.5374366
   0.55723214  0.69910699  0.50212204  1.04990685]
 [ 0.47493947  1.00134218  0.30644855  0.14142305  0.46319574  0.32887715
   0.31674102  0.24312997  0.40984723  0.22756635]
 [ 0.20538716  0.97856098  0.13195065  0.16853583  0.15065388  0.11159439
   0.27902222  0.31796038  0.39491126  0.39300215]
 [ 0.33288911  0.45809969  0.13149431  0.09944309  0.11181103  0.16666259
   0.21172521  0.30791384  0.23195395  0.16528918]
 [ 0.11419609  0.36941749  0.16310985  0.18570063  0.17345576  0.28439724
   0.22540331  0.18325308  0.14512953  0.23527083]
 [ 0.55215222  0.21005927  0.15390354  0.27261221  0.16852182  0.17174345
   0.26366889  0.45880032  0.07394341  0.11859301]
 [ 0.36023387  0.23361537  0.24597342  0.14701983  0.21947625  0.10781275
   0.10436808  0.20397915  0.09901292  0.16463591]
 [ 0.2491536   0.11438207  0.18326469  0.16051462  0.18241765  0.1542047
   0.20937774  0.2208522   0.15525797  0.20880295]
 [ 0.14678907  0.16121048  0.08865203  0.15028694  0.18877943  0.26228151
   0.16908117  0.08900206  0.10065543  0.16655834]
 [ 0.4257555   0.15851265  0.14645182  0.10548126  0.18832411  0.12875274
   0.13252206  0.18781336  0.15842567  0.07618647]
 [ 0.23221219  0.21052594  0.17381321  0.24774814  0.17702244  0.17953408
   0.14164592  0.0872933   0.07608285  0.10418463]
 [ 0.23142219  0.2737748   0.19684772  0.0971636   0.08609548  0.16703558
   0.1401484   0.18305069  0.12672348  0.16490978]
 [ 0.52330399  0.13498433  0.25626895  0.09013747  0.22106171  0.1371924
   0.13255234  0.229008    0.09494112  0.08086792]
 [ 0.1530693   0.20239002  0.07897942  0.08211374  0.28261968  0.11046367
   0.1895709   0.06541706  0.15184097  0.10787567]
 [ 0.26774788  0.38241991  0.13340053  0.12751934  0.20437317  0.12529114
   0.24619049  0.2972725   0.08245497  0.11042375]
 [ 0.102799    0.28553233  0.10335483  0.09285473  0.3088375   0.17998128
   0.36513361  0.20795587  0.20825078  0.06820557]
 [ 0.18354602  0.420766    0.25266534  0.1529891   0.28771099  0.2212255
   0.16793494  0.30570629  0.15638772  0.16742486]
 [ 0.27726984  0.42720637  0.15240473  0.24872319  0.39876285  0.16620931
   0.23362179  0.19156082  0.09209593  0.25243244]
 [ 0.34525022  0.53335309  0.25270319  0.12907529  0.21764867  0.23577344
   0.22888352  0.84514534  0.25871545  0.4737401 ]
 [ 0.42535973  0.79405987  0.15069664  0.19748802  0.38259563  0.24279131
   0.18339014  1.13367903  0.32003438  0.6789546 ]
 [ 0.3150146   0.63717502  0.26208735  0.6640684   0.52836114  0.2987172
   0.57936412  0.79207081  0.3878524   0.67307842]
 [ 1.01670194  0.82137692  0.67505956  0.86002314  0.89868224  0.95811057
   0.78073025  0.88263386  0.86939406  0.74007058]
 [ 1.01627553  0.80140364  0.93159378  0.99026263  0.99805951  1.01588392
   0.94295722  0.99547076  1.00084257  1.00397944]
 [ 0.99662375  1.00000012  0.98938799  1.00000024  1.          1.01260126
   1.00123715  1.          0.99999988  1.        ]
 [ 1.          1.00004017  1.00000668  0.99999964  1.          1.          1.
   0.99999976  1.00000846  1.        ]
 [ 0.99728203  1.00509214  0.98638189  0.99997419  1.02403963  0.99998015
   1.00001776  1.02647424  0.99617028  0.99454641]
 [ 0.97882473  0.99999738  0.914612    0.90946972  1.05822492  0.9106586
   0.99987864  0.90559548  1.00008678  0.94678354]
 [ 1.03671563  1.00372946  0.36095029  0.44852048  1.93262231  0.69570011
   1.00618589  0.79611039  0.70131862  0.78757656]
 [ 0.35481369  1.00419712  0.38789001  0.39140141  0.70019168  0.56161594
   0.34211886  1.1881938   0.45911485  0.7445454 ]
 [ 0.40442243  0.60117078  0.1951407   0.16972442  0.6074459   0.16839169
   1.09363544  1.22797811  0.32269949  0.79930234]
 [ 0.21315444  0.83079171  0.27397105  0.41821265  0.34153098  0.22913931
   0.41534421  0.60980129  0.27190366  0.39006668]
 [ 0.39111999  0.38008413  0.14667554  0.31948367  0.40664616  0.14809404
   0.12880692  0.28145316  0.08840293  0.43399042]
 [ 0.12142304  0.31393307  0.14192308  0.11777604  0.28485489  0.1356988
   0.07584707  0.20591219  0.10336107  0.26068029]
 [ 0.26765382  0.23115902  0.1228661   0.25148055  0.29253066  0.14164387
   0.12594351  0.19071762  0.13704222  0.30378097]
 [ 0.26596785  0.25524306  0.10182626  0.43200374  0.35650831  0.12916015
   0.25325617  0.19176286  0.10932504  0.29594147]
 [ 0.2003756   0.20925513  0.17380819  0.18011728  0.11401657  0.19716196
   0.11645039  0.31035727  0.13956277  0.18879384]
 [ 0.35213929  0.1504847   0.22246173  0.13894205  0.15311012  0.11324982
   0.20000224  0.17730023  0.09877859  0.17577729]
 [ 0.42906165  0.21489879  0.1798999   0.20541696  0.23172498  0.15284188
   0.16985056  0.10308324  0.09396733  0.15108937]
 [ 0.20996042  0.27578223  0.23069893  0.13616113  0.26625934  0.13114317
   0.33100733  0.22161642  0.10170868  0.14716122]
 [ 0.34805647  0.16961396  0.22690596  0.12454531  0.08752093  0.08722491
   0.20017868  0.23400036  0.1353763   0.06571916]
 [ 0.1927613   0.26497152  0.22089665  0.1694276   0.26033872  0.11501833
   0.33443347  0.21632436  0.10010801  0.08867243]
 [ 0.34632471  0.25457194  0.11316328  0.22829792  0.24150263  0.12097444
   0.2394179   0.28446895  0.12256476  0.1680602 ]
 [ 0.28271663  0.5414716   0.20712234  0.12623766  0.26403156  0.12137511
   0.19355534  0.1790572   0.1465002   0.18685971]
 [ 0.30385989  0.27396145  0.21713109  0.08893564  0.30557123  0.07126345
   0.28677821  0.44240621  0.12389348  0.24821319]
 [ 0.20748219  0.45071849  0.16744825  0.21514639  0.25174555  0.11872789
   0.23486617  0.35791773  0.13942747  0.44233674]
 [ 0.42174679  0.56031346  0.35856542  0.16909949  0.33435172  0.12876867
   0.17861499  0.92178547  0.34953323  0.51450938]
 [ 0.42005351  0.73198175  0.22460447  0.19566683  0.31126308  0.22876309
   0.52874494  0.48164576  0.20574307  0.81441039]
 [ 0.58843791  0.63332659  0.31198978  0.44454205  0.48477548  0.34248382
   0.55949813  0.91216177  0.21132192  0.39874181]
 [ 0.45665646  0.59071714  0.33974385  1.36863887  1.11635566  0.74124771
   0.6892361   0.67544156  0.64590001  0.66804898]
 [ 1.08681655  0.80129784  0.64554685  0.97843301  1.01830351  1.17783451
   0.73067617  0.8933934   0.72359788  1.11476457]
 [ 0.99316484  0.78867096  0.98557937  0.99926674  0.99999243  0.90750313
   0.88440055  0.99999869  1.00005114  0.99631333]
 [ 1.0018605   1.00014782  0.9760468   1.00003862  1.          0.96878648
   1.00262809  1.00000131  1.00003195  1.        ]
 [ 1.          1.          1.          1.          1.          1.          1.
   1.          1.          1.        ]
 [ 1.01938581  1.          0.98674649  0.99999928  1.          1.
   1.00033402  1.          0.99958748  0.99629837]
 [ 1.00470424  1.00005317  1.08594155  0.84881985  0.97453314  0.97005761
   1.00002432  0.99726951  1.0023663   0.93335485]
 [ 0.75085354  1.00030971  0.45316929  0.33209398  0.92225927  0.73291701
   0.96986037  1.18195879  0.55109936  0.88624799]
 [ 0.61622775  0.95599133  0.54153472  0.28309003  0.53907895  0.55746174
   0.94360065  0.85962915  0.22137827  0.63000524]
 [ 0.23993504  0.37134176  0.32240385  0.36119607  0.83314437  0.21725562
   0.31388822  0.73967785  0.51335824  0.68996888]
 [ 0.16792133  0.46382594  0.22446331  0.38198733  0.31692046  0.17696242
   0.38595474  1.0249536   0.13930312  0.33608583]
 [ 0.22184552  0.27438954  0.20624436  0.2389461   0.87236571  0.17206837
   0.21251637  0.68028766  0.17868826  0.27280545]
 [ 0.31771499  0.21997261  0.17537905  0.19677174  0.53549641  0.17253858
   0.11929188  0.40064603  0.09165442  0.38029173]
 [ 0.12218998  0.14136168  0.14590293  0.19347537  0.40245053  0.17538075
   0.16971919  0.20822279  0.12149641  0.28841648]
 [ 0.19328819  0.17457907  0.13479267  0.22941618  0.29282603  0.14619517
   0.2684235   0.30439574  0.11305255  0.27140659]
 [ 0.27878174  0.18147863  0.06882371  0.1578186   0.35147175  0.23260289
   0.21919452  0.18182418  0.13168703  0.09238345]
 [ 0.23242301  0.14290917  0.08403262  0.13028187  0.24118097  0.22610052
   0.24865198  0.09713883  0.0887332   0.19689071]
 [ 0.21470772  0.14198214  0.1293283   0.15424044  0.1508939   0.11311419
   0.18387389  0.09954949  0.0870149   0.1070184 ]
 [ 0.09000827  0.20045385  0.14037986  0.08897021  0.3154279   0.18390106
   0.311858    0.26612863  0.16067138  0.05253377]
 [ 0.1163777   0.12106951  0.14274268  0.15924081  0.10573     0.11853404
   0.17583089  0.17922492  0.13513535  0.12756813]
 [ 0.38992444  0.36159211  0.11421375  0.16674514  0.1068648   0.19444256
   0.12389443  0.30107337  0.06716781  0.11265866]
 [ 0.2409198   0.37628019  0.17729923  0.25413924  0.18341017  0.15384559
   0.1698736   0.24470228  0.14040762  0.0709478 ]
 [ 0.22578423  0.12670542  0.18364225  0.24735223  0.18063506  0.10804924
   0.2416341   0.14967489  0.17569199  0.24780947]
 [ 0.1579546   0.50728714  0.17154253  0.13663282  0.45403859  0.12372749
   0.20991828  0.36371794  0.14139178  0.25477561]
 [ 0.30130771  0.36954948  0.12826557  0.20122598  0.3957043   0.14890872
   0.10462709  0.74338275  0.1371897   0.27391231]
 [ 0.56167114  0.33561873  0.23398903  0.19734909  0.19336258  0.29909328
   0.51370168  0.6849882   0.09907154  0.20195527]
 [ 0.41688994  0.65352762  0.17513473  0.33027256  0.60560673  0.160134
   0.54518378  0.48362702  0.11458248  0.2589595 ]
 [ 0.32515076  0.52556252  0.17376129  0.24668756  0.60720092  0.24419554
   0.41217959  0.79101324  0.25942868  0.42431468]
 [ 0.91032863  0.70803767  0.46066958  0.75992733  0.96352017  1.19847155
   0.81901461  0.9592216   0.79480624  0.58391374]
 [ 0.96539611  1.27117836  0.92745078  0.98135763  1.04289007  0.95815736
   0.7047891   0.92550206  0.95657694  0.61953187]
 [ 1.00001371  0.92586124  0.91056079  1.02080917  0.99999964  0.99496913
   0.99653327  1.          1.01423788  0.97482973]
 [ 1.          0.99957216  0.99694169  0.99994695  0.99999976  0.99999857
   1.          1.00000346  0.99997383  1.        ]
 [ 1.          1.          1.          0.99999976  1.          0.99999988
   1.          0.99999976  1.          1.        ]
 [ 1.          1.          0.99999934  0.99797183  1.          1.00000572
   1.00000012  1.          1.          1.00036216]
 [ 0.93456697  0.99744821  0.56411994  0.60749608  0.99863935  0.94601595
   1.01036525  0.96582031  0.99465418  0.99233276]
 [ 1.04185557  0.91975164  0.98546159  0.40977928  0.93477714  0.46873453
   0.95036632  0.9187811   0.77071905  0.87676829]
 [ 0.69253087  0.80476207  0.58539259  0.39138848  1.04342842  0.47527316
   0.95293963  0.65628344  0.38931236  1.01839995]
 [ 0.29002807  0.59409106  0.20231114  0.17805295  0.49947894  0.35185662
   0.6275695   0.36092854  0.29047263  0.52913797]
 [ 0.38061327  0.32604498  0.36513105  0.21976948  0.95740294  0.22298619
   0.49589792  0.71097165  0.24380934  0.39742047]
 [ 0.14965765  0.34768587  0.17801395  0.23320259  0.51805437  0.17825386
   0.68792266  0.21673699  0.17496923  0.61288834]
 [ 0.08473841  0.13992704  0.16896157  0.16972652  0.64179647  0.06231109
   0.40638173  0.22321184  0.17651808  0.41485763]
 [ 0.34741339  0.36298445  0.16151208  0.11515763  0.252969    0.24285078
   0.10880876  0.48370314  0.17234704  0.23944211]
 [ 0.24332532  0.1368023   0.14373074  0.13304451  0.65198255  0.05180316
   0.19802752  0.25841576  0.07602054  0.21568006]
 [ 0.37484285  0.13175234  0.16050589  0.18111795  0.3827405   0.11781016
   0.300511    0.24842457  0.13547906  0.19770464]
 [ 0.27570751  0.15492375  0.13374922  0.18169476  0.16904251  0.12691125
   0.13357587  0.21411926  0.16476552  0.09738986]
 [ 0.40821174  0.1417736   0.12515503  0.07740338  0.21506986  0.06984719
   0.14740166  0.16893922  0.08916498  0.09938837]
 [ 0.18464705  0.16832186  0.1087228   0.14091924  0.25103992  0.05818304
   0.09190945  0.10606241  0.15312834  0.12864311]
 [ 0.36031845  0.2892454   0.19592825  0.12639651  0.21774839  0.1596614
   0.22782978  0.2158187   0.10437538  0.107902  ]
 [ 0.23758064  0.21088216  0.08289387  0.16877228  0.27397588  0.08980266
   0.21824686  0.1673079   0.12418918  0.14926302]
 [ 0.48875207  0.15280987  0.08758319  0.13955177  0.32083517  0.13501985
   0.13040848  0.11486329  0.12394036  0.19057468]
 [ 0.17690189  0.34615397  0.1119335   0.10342062  0.31260836  0.07662934
   0.27577183  0.26130474  0.09697633  0.16775645]
 [ 0.24433625  0.25617281  0.19826034  0.06925616  0.39431655  0.12125917
   0.35671961  0.51752758  0.17535444  0.18051872]
 [ 0.53786349  0.17411111  0.27552515  0.19132546  0.32116958  0.18312424
   0.65914178  0.20113318  0.18370169  0.1520423 ]
 [ 0.56128931  0.33747375  0.22331853  0.23256133  0.42429072  0.33344507
   0.59110379  0.32394999  0.139191    0.33914557]
 [ 0.44686273  0.46938944  0.21131845  0.32989231  0.82374996  0.2121831
   0.37671477  0.69427663  0.28302532  0.43509495]
 [ 1.1908462   0.77094316  0.36143351  0.81522852  0.54035711  0.26552588
   0.73630446  0.65967745  0.39564732  0.46613544]
 [ 0.64190489  0.93552208  0.57789356  0.8561542   0.63600004  0.67624635
   0.61179209  0.92183715  0.77047253  0.5499512 ]
 [ 0.81289029  0.93242496  1.01674032  0.98137355  0.94548291  0.76939285
   1.00296438  0.90318644  1.02735054  0.84025872]
 [ 1.00802302  1.01795387  0.98843086  0.97834039  0.99574459  0.96497738
   1.00729084  1.00904679  1.01658845  0.98484051]
 [ 1.          1.          1.          1.          1.          1.          1.
   1.          1.          1.        ]
 [ 1.          1.          1.          1.00000024  1.          1.          1.
   1.00000012  1.          1.        ]
 [ 1.          1.00000012  1.          1.          1.          1.          1.
   1.          1.          1.00000012]
 [ 0.99833977  0.99660528  1.30582976  0.83567214  1.          1.03639245
   1.          0.94048035  1.0006876   0.99748743]
 [ 0.90893817  0.98227382  1.04391611  0.69307697  0.97664893  0.77612376
   0.87671095  1.03956175  0.80871564  0.85596329]
 [ 0.96561551  0.63242304  0.97655416  0.58703387  0.96130896  0.29651323
   1.0567888   0.55998236  0.33584028  0.59612978]
 [ 0.65246093  0.34050283  0.30152458  0.36728486  0.99178755  0.33920825
   0.88348627  0.37598836  0.43267235  0.52963948]
 [ 0.49974015  0.37843019  0.13883634  0.23563124  0.93008852  0.29862532
   0.52909118  0.39089638  0.16304007  0.51139313]
 [ 0.19663955  0.31371558  0.16404796  0.24844874  0.58267832  0.14973965
   0.38370353  0.26021165  0.10484415  0.41420844]
 [ 0.25691843  0.23020124  0.12504637  0.14206436  0.60542405  0.18122536
   0.29583326  0.60111207  0.1478218   0.24998088]
 [ 0.29780892  0.10798932  0.1255942   0.09741593  0.22219019  0.12213197
   0.49996114  0.19566126  0.14892732  0.28981799]
 [ 0.32354775  0.2045131   0.12804462  0.13569817  0.53130305  0.10101766
   0.17973769  0.25250652  0.1578418   0.18401055]
 [ 0.21423173  0.11729294  0.18026203  0.08277404  0.39982852  0.13760887
   0.17891894  0.14488998  0.10137125  0.08139092]
 [ 0.36633921  0.14300764  0.15895857  0.11404189  0.16328584  0.10526776
   0.1239135   0.16486813  0.0919013   0.20705363]
 [ 0.19477265  0.1538137   0.09559193  0.13718356  0.15753676  0.10890359
   0.2286288   0.19811562  0.11085971  0.07845857]
 [ 0.31548408  0.2202749   0.10708416  0.17863223  0.14386703  0.13544336
   0.14020289  0.07097901  0.10728111  0.17638476]
 [ 0.20404884  0.31573695  0.13277794  0.0848326   0.16553167  0.11995717
   0.24442318  0.12337846  0.11766636  0.1149075 ]
 [ 0.20274155  0.16031915  0.2480092   0.10897212  0.13613929  0.10403854
   0.31214386  0.19015674  0.10648742  0.10208753]
 [ 0.36862805  0.30717009  0.26011139  0.20266514  0.18974948  0.07563765
   0.35251421  0.2844747   0.14881873  0.09265264]
 [ 0.41439539  0.7403127   0.14140131  0.16398503  0.1757541   0.10916891
   0.28498644  0.29450414  0.18257588  0.11898839]
 [ 0.22690967  0.39282069  0.23653199  0.2730656   0.44996166  0.1143271
   0.2223472   0.68511814  0.11574147  0.16050325]
 [ 0.48143911  0.22101842  0.28171906  0.22820911  0.31333867  0.18120757
   0.67146391  0.61724377  0.17049803  0.14773069]
 [ 1.25491405  0.42377031  0.30260426  0.26194069  0.25864071  0.18601957
   0.42049468  0.25110143  0.16589327  0.37718242]
 [ 1.15500832  1.24994648  0.37338912  0.23960027  0.37570292  0.66546065
   0.55869037  0.56405604  0.52487344  0.48042679]
 [ 0.46198192  0.99425381  0.52991945  0.95793808  0.74160504  0.58033955
   1.30130148  0.91184771  0.78951615  1.00792038]
 [ 0.90983683  1.01595116  0.77665401  0.98639542  0.63969016  0.53240943
   0.95390785  1.06548882  0.84019709  0.42590874]
 [ 1.04484916  0.99962175  0.75001639  0.94183505  0.90538549  0.67946911
   1.00038886  0.99994421  0.92731619  0.95401311]
 [ 1.000404    1.00272846  1.0268085   0.99949718  0.99522507  0.99357605
   0.99999869  0.99437761  1.00444412  0.98941922]
 [ 1.          1.          1.          1.          1.          1.          1.
   1.          1.          1.        ]
 [ 1.          1.          1.          1.          1.          1.          1.
   1.          1.          1.        ]
 [ 1.          1.          1.          1.          1.          1.          1.
   1.          1.          1.        ]
 [ 1.          1.          1.02961755  0.98179567  1.          0.99763024
   1.00000012  1.07344365  1.00012875  0.94374919]
 [ 1.00685096  1.01915562  0.85610855  0.53277576  0.99997306  1.11128807
   1.          0.98063177  1.1948967   0.97010624]
 [ 0.89956534  0.90197313  0.9338181   0.36615646  0.92615724  0.97030336
   1.00001168  0.72884429  0.49251923  1.21888578]
 [ 0.5617708   0.4455474   0.7510699   0.51502216  0.92375582  0.50423694
   0.99637222  0.41390014  0.54916185  0.57638448]
 [ 0.44708276  0.39449716  0.23285575  0.37153265  0.57867932  0.33434081
   1.00636315  0.41431519  0.24185352  0.31986436]
 [ 0.37523013  0.47901729  0.20927891  0.20737243  0.65549368  0.19813439
   0.7330116   0.17102294  0.18653283  0.19123793]
 [ 0.3028506   0.27198875  0.11477221  0.11560225  0.43825221  0.08277239
   0.55972797  0.26285085  0.12217785  0.2281626 ]
 [ 0.25277591  0.14686112  0.12035687  0.19824214  0.32336107  0.1788414
   0.34239322  0.11573425  0.12657939  0.15987641]
 [ 0.22046167  0.19111997  0.18549468  0.12464749  0.16647266  0.13690355
   0.52967584  0.19208844  0.10733786  0.16244003]
 [ 0.22186357  0.16747023  0.11489432  0.13125294  0.18875031  0.09278715
   0.46899647  0.13789128  0.11934881  0.07504118]
 [ 0.18324633  0.12490299  0.20732853  0.20415859  0.2118834   0.16449343
   0.35050276  0.23274204  0.0737884   0.1250875 ]
 [ 0.16100144  0.14202744  0.20589601  0.06772276  0.13228951  0.13109109
   0.24948443  0.19730917  0.12142209  0.10540862]
 [ 0.2498678   0.19903515  0.2228449   0.14169094  0.24113534  0.15532145
   0.18778065  0.07147934  0.08726303  0.12072777]
 [ 0.31212494  0.18778649  0.20125826  0.14423448  0.20207235  0.07098223
   0.20109126  0.18801053  0.04564042  0.13975954]
 [ 0.24982266  0.21799958  0.22994372  0.24788789  0.26783505  0.18434283
   0.4565959   0.17840467  0.12446657  0.15217295]
 [ 0.31491089  0.2608256   0.23547019  0.11313677  0.3308633   0.20619859
   0.80299538  0.23932885  0.12531742  0.13481434]
 [ 0.64078587  0.68539757  0.14674471  0.13885096  0.17600375  0.14301054
   0.60914868  0.3195644   0.19695629  0.16500185]
 [ 0.44465691  0.49465394  0.15511568  0.31963515  0.21933822  0.22405857
   0.51198894  0.42344347  0.1251338   0.2625598 ]
 [ 0.81789738  1.53455782  0.19584268  0.39090043  0.33658588  0.38103461
   0.64770281  0.59898996  0.54629648  0.20815745]
 [ 0.74191093  0.56076634  0.57684612  0.22219382  0.39850631  0.2490775
   0.62639612  0.73146445  0.35122561  0.12441289]
 [ 0.69781786  0.89175689  0.34446764  0.66679341  0.37786916  1.13384557
   0.78154367  0.89415216  0.35687488  0.54494226]
 [ 0.99520034  0.69383216  0.56500804  0.7712937   0.55675042  1.00816631
   1.0107156   0.80356216  0.99849093  1.25678468]
 [ 1.12232649  0.9490118   0.47590953  1.06118679  1.13767421  1.53656685
   0.97859025  0.85052311  0.93107748  0.87406731]
 [ 1.02046192  1.02292156  0.84445179  0.98071194  0.92167574  0.68777239
   0.98774701  0.93867576  0.99193454  0.87459368]
 [ 1.          0.94603127  1.0283258   0.96135247  0.99962521  0.92954838
   1.          1.00017071  1.10952532  0.97378474]
 [ 1.          1.          1.          1.          1.          1.          1.
   1.          1.          1.        ]
 [ 1.          1.          1.          1.          1.          1.          1.
   1.          1.          1.        ]
 [ 1.          1.          1.          1.          1.          1.          1.
   1.          1.          1.        ]
 [ 1.          1.          1.00000191  1.03215301  1.          1.00000906
   1.          0.89782214  0.99999976  0.98954189]
 [ 1.          0.91926634  1.01953208  0.82133812  1.          0.81882453
   1.          0.85145271  0.87221074  1.00627351]
 [ 0.81615126  0.89130992  1.19525623  0.42578205  0.88875717  0.82230616
   1.          0.71868539  1.04606104  0.78104931]
 [ 0.58360517  0.83352351  0.90567446  0.37108237  1.03929734  0.43031514
   1.00864232  0.58043891  1.00992966  0.84976852]
 [ 0.61796993  0.51492125  0.58405989  0.21794254  0.78650653  0.31059936
   0.99527597  0.38733661  0.30090651  0.3879694 ]
 [ 0.31777412  0.42941955  0.23732822  0.23373438  0.4181014   0.27385119
   1.02081871  0.34254196  0.19085622  0.25875667]
 [ 0.51154727  0.22857302  0.16504633  0.1981077   0.21188061  0.31909242
   0.81339234  0.3569659   0.26252377  0.21990602]
 [ 0.45181358  0.32171726  0.48413226  0.21313421  0.42961988  0.1280378
   0.8927865   0.10862014  0.32379493  0.21089742]
 [ 0.25980768  0.30071363  0.34556147  0.17356019  0.40634099  0.13927811
   0.91481668  0.25481221  0.18489301  0.1869859 ]
 [ 0.47975975  0.28233129  0.25265282  0.17283477  0.37602937  0.18892895
   0.42433393  0.15901753  0.23052013  0.13200477]
 [ 0.32961458  0.26671049  0.2915698   0.10728936  0.1138269   0.17573979
   0.60796708  0.17915854  0.11287144  0.05377064]
 [ 0.19306561  0.3369647   0.24339035  0.11184333  0.4049941   0.08013496
   1.18295228  0.22434302  0.12423193  0.13833858]
 [ 0.41108724  0.32341152  0.33985978  0.12610525  0.2094489   0.12463108
   0.59564513  0.16309363  0.14334266  0.07792886]
 [ 0.31228215  0.28783587  0.42847475  0.17628764  0.15701258  0.10780086
   1.04972529  0.11699541  0.23697022  0.17274731]
 [ 0.61114919  0.48722661  0.3108938   0.09173067  0.23285803  0.13457701
   0.84731418  0.15962106  0.18313983  0.14042005]
 [ 0.57170004  0.31804723  0.18334576  0.14473177  0.12982194  0.24768811
   0.47120917  0.23632175  0.16699673  0.11926945]
 [ 1.04457092  1.01426458  0.49133435  0.28887016  0.19548449  0.29841343
   0.83750921  0.26404065  0.25265959  0.20243831]
 [ 0.67159259  0.71397191  0.40049398  0.39219505  0.35522765  0.43491185
   1.04412246  0.1813805   0.24220791  0.15821962]
 [ 1.03201663  0.57096589  0.41838494  0.43199092  0.26789042  0.48779243
   0.98028648  0.24950087  0.31453931  0.35565889]
 [ 0.92166114  1.03506291  0.50371242  0.95412081  0.46559191  0.46707898
   1.01822674  0.60033435  0.75326109  0.47606564]
 [ 0.95475006  0.76275343  0.92670953  1.07473171  0.5788101   0.78148204
   0.99260616  0.63478351  0.56861871  0.50085503]
 [ 0.90959841  0.94416773  0.81104636  0.83694762  0.9789089   0.52469325
   0.99950963  0.79175967  0.77315462  0.86028302]
 [ 1.01096177  0.99654973  0.98610985  0.92234278  0.99380994  0.85721284
   0.99999964  0.97832978  1.04098094  0.905249  ]
 [ 0.99999726  0.94047695  1.11469662  0.98732615  0.95797199  0.97699326
   1.00000012  1.01795125  0.99102378  1.02297282]
 [ 1.          1.01126456  0.99375021  0.99999237  1.          1.01593602
   1.          1.          1.00413203  1.01913238]
 [ 1.          1.          1.          1.          1.          1.          1.
   1.          1.          1.        ]
 [ 1.          1.          1.          1.          1.          1.          1.
   1.          1.          1.        ]
 [ 1.          1.          1.          1.          1.          1.          1.
   1.          1.          1.        ]
 [ 1.          1.          1.00000012  1.00011158  0.99999988  0.99999988
   1.          0.99998969  1.00000024  1.00000083]
 [ 1.          0.98540616  0.96403289  0.8655324   1.          0.97041881
   1.          1.05335283  0.99998593  0.9977383 ]
 [ 1.00000012  0.97516185  0.96045423  1.10903513  1.0428952   0.96712637
   1.          0.90225822  0.98388612  0.73776466]
 [ 0.97771823  0.85549653  0.95646262  0.55647147  0.71898085  1.17508411
   1.          0.49182177  1.07809603  0.86857802]
 [ 0.94247293  1.00645757  1.03598726  0.89792162  0.74437052  0.80376965
   1.00000012  0.44262362  0.6710667   0.25291669]
 [ 0.76964951  0.78376687  0.70694727  0.7405194   1.06545222  0.67921293
   0.99996281  0.41866797  0.47307223  0.43562129]
 [ 0.95020962  0.86786777  0.72201592  0.38462254  0.41447869  0.2934497
   0.99943185  0.44779918  0.57496393  0.13644886]
 [ 0.55271947  1.1031549   1.21643651  0.40495235  0.35294428  0.44254622
   0.9996767   0.23278189  0.39809528  0.24857473]
 [ 0.83533788  0.61233908  0.80760348  0.24212688  0.31477594  0.42221349
   0.93750048  0.14503704  0.24579126  0.21748325]
 [ 0.54911524  0.80396593  1.2171191   0.34204426  0.41909021  0.36236173
   0.98411167  0.21800628  0.23288645  0.11952737]
 [ 0.54385275  0.78443205  0.65100247  0.33917418  0.2701422   0.23206615
   0.85595644  0.06896068  0.43428946  0.13543075]
 [ 1.02402627  0.67437488  0.40928444  0.16654159  0.25221559  0.30699435
   1.13092089  0.25713241  0.25884089  0.10080428]
 [ 0.74153215  0.71910262  1.03298259  0.2553027   0.21110871  0.25645825
   0.88903296  0.1943388   0.28695774  0.18209051]
 [ 0.87771595  0.54393649  0.82263291  0.21993378  0.23694971  0.34670776
   1.02082658  0.26448792  0.30177966  0.1123637 ]
 [ 0.76161337  0.98764449  1.13780451  0.39871189  0.24520093  0.25559551
   1.00805688  0.18152168  0.19211529  0.1399401 ]
 [ 0.93505847  0.81343198  0.66282278  0.39802572  0.5395124   0.56488907
   1.02445292  0.26993981  0.2475583   0.12417486]
 [ 0.88035524  0.75987953  0.60860771  0.72888523  0.18904185  0.81311917
   0.98065972  0.1600493   0.43990156  0.25695696]
 [ 0.96638376  0.74770826  0.84126532  0.57393223  0.61801606  0.79017985
   1.00133419  0.3087351   0.84223092  0.23046844]
 [ 1.07619989  0.92261481  0.81866431  0.49287242  0.37536922  0.72597784
   1.00118792  0.55824471  0.74610955  0.30139732]
 [ 0.97418189  0.9312259   0.70188117  0.68164551  0.93698609  1.07569766
   1.00325513  0.59394228  0.90787494  1.28795111]
 [ 0.9423486   1.00386143  0.82464904  0.98813844  0.70642072  1.20696986
   0.99990982  0.74204165  0.95176911  1.06807077]
 [ 0.98639035  0.99999976  0.91100019  0.97340131  0.88823628  0.86132216
   0.99999666  1.03673506  0.98987854  0.61797172]
 [ 1.00020504  1.          1.01686275  1.          1.00447059  0.96243453
   1.          1.00193477  0.99999785  1.13826203]
 [ 1.          1.          1.02161241  1.          1.          1.          1.
   0.956985    0.99999976  0.93585253]
 [ 1.          1.          0.99158633  1.          1.          1.          1.
   1.          0.99999988  0.97479069]
 [ 1.          1.          1.          1.          1.          1.          1.
   1.          1.          1.        ]
 [ 1.          1.          1.          1.          1.          1.          1.
   1.          1.          1.        ]
 [ 1.          1.          1.          1.          1.          1.          1.
   1.          1.          1.        ]
 [ 1.          1.          1.          1.          1.          1.          1.
   1.          1.          1.        ]
 [ 1.          1.          1.          1.          1.          1.          1.
   1.          1.          1.        ]
 [ 1.          1.00000012  1.00000024  1.02430439  0.9946782   1.          1.
   0.96358931  1.00009131  1.2102536 ]
 [ 1.00000155  1.00000179  1.          0.97461939  0.71267325  1.0022651
   1.          0.59591293  0.97625542  0.71509165]
 [ 0.95519775  0.98393822  0.99957943  0.86835778  0.81981593  0.85974389
   1.          0.92140591  1.06893909  0.67733002]
 [ 0.88983667  0.9997949   1.00148618  0.76372933  0.7762835   0.75309998
   1.          0.69710612  1.05881035  0.51133585]
 [ 0.91722357  0.99687564  1.07803857  0.70192903  0.80589116  1.35538721
   0.99999917  0.37303099  0.65675706  0.29671997]
 [ 0.98852408  1.00514257  1.01129186  0.81339222  0.7431947   0.72126818
   1.00000584  0.29669294  0.82797557  0.47309333]
 [ 1.00279903  0.92020041  1.00413001  1.06738389  1.09272444  0.57290816
   0.99997252  0.21554728  0.78358746  0.35403326]
 [ 0.98071849  0.93329525  0.94028008  0.70441502  0.69620335  0.61282432
   0.92705572  0.20535181  0.68088251  0.247683  ]
 [ 1.00452232  0.81403059  1.00140476  0.88305748  0.6474787   0.55884612
   0.87568831  0.31940809  1.05097723  0.30794731]
 [ 1.16753447  0.83825743  0.92804825  0.81322223  0.86310434  1.00619459
   0.9998349   0.15719332  0.79686791  0.23145452]
 [ 0.86851162  0.94624251  1.03350186  0.99100822  0.49181944  0.52539885
   0.99997908  0.27879268  0.59940493  0.2891148 ]
 [ 0.93618804  0.95773101  1.00442994  0.98158085  0.50670242  0.61684877
   0.99607909  0.25226814  0.73342919  0.26042455]
 [ 0.94268978  0.9366293   1.10985601  0.9125396   0.92980468  0.63853353
   0.99913669  0.56144232  0.71219987  0.22266297]
 [ 0.95361382  1.00742197  0.82394612  0.78907782  1.04711413  1.06627154
   1.00000238  0.48717082  0.97229218  0.34283027]
 [ 0.98680723  1.00425863  1.01816094  0.62580943  0.54707944  0.9514541
   0.99998546  0.41280714  0.77194881  0.2726911 ]
 [ 1.00004983  0.9334743   0.99867666  0.983832    0.68863493  0.99945617
   0.99981594  0.85835481  0.77001631  0.2391284 ]
 [ 1.09397459  0.93997353  1.0002811   0.99627912  0.73117918  1.19782412
   1.00000024  0.35960889  0.91523904  0.87454051]
 [ 0.95404851  0.99748635  0.90444332  1.00066137  0.98538679  0.87384504
   1.          0.6255278   0.99995065  0.78962266]
 [ 1.03839576  1.0016613   0.97621036  0.99974382  1.06797183  0.99988949
   1.          0.81614327  0.99967188  1.05596089]
 [ 1.00623763  0.99999988  1.          1.          1.10979319  1.00759304
   1.          1.04330981  1.          1.07721663]
 [ 1.          1.          1.00000012  1.          0.99200678  1.00000012
   1.00000012  0.99994123  1.          1.00436902]
 [ 1.          1.          1.          1.          1.          1.          1.
   0.99999976  1.          0.99999976]
 [ 1.          1.          1.          1.          1.          1.          1.
   1.          1.          1.        ]
 [ 1.          1.          1.          1.          1.          1.          1.
   1.          1.          1.        ]
 [ 1.          1.          1.          1.          1.          1.          1.
   1.          1.          1.        ]
 [ 1.          1.          1.          1.          1.          1.          1.
   1.          1.          1.        ]
 [ 1.          1.          1.          1.          1.          1.          1.
   1.          1.          1.        ]
 [ 1.          1.          1.          1.          1.          1.          1.
   1.          1.          1.        ]
 [ 1.          1.          1.          1.          1.          1.          1.
   1.00120878  1.          1.00057542]
 [ 1.00000024  1.          0.99999988  1.          1.          1.          1.
   0.98470587  1.          0.98470318]
 [ 1.          1.          1.          0.99999988  0.97978276  1.          1.
   1.0096724   1.00000012  1.01557362]
 [ 1.          1.          1.          1.00000262  1.01112056  1.          1.
   0.9743889   1.00000024  0.84860986]
 [ 1.          1.          1.00000024  1.00000072  1.03524899  1.          1.
   0.9346993   0.99999964  0.89232469]
 [ 0.99999988  1.00000012  1.          0.99992657  1.00713563  0.99999714
   1.          0.92825639  1.          0.92677313]
 [ 1.          0.98619497  0.96925271  0.97446287  1.01384866  1.00063407
   1.          0.61147565  1.00066662  0.90019977]
 [ 1.          0.99506474  1.00522614  1.00507331  0.94365519  0.99914461
   1.          1.03120458  0.99999869  0.82341713]
 [ 0.99999976  0.99999845  0.99999899  1.0000391   0.99013674  0.99661267
   1.00000095  0.96533555  0.99998736  1.07439482]
 [ 1.00000024  0.99995303  1.00000095  0.99975979  0.98811507  1.00007188
   0.99999833  0.89383185  0.99566877  1.06353641]
 [ 0.99999964  0.99974489  1.00000048  1.00518441  0.84695536  0.99540877
   1.00000501  0.80584228  1.00014853  0.68422502]
 [ 0.99998385  1.00000024  1.00000012  0.98812747  0.96076083  0.99996853
   0.99999762  0.93608487  0.99993789  0.79092789]
 [ 1.00000143  1.          0.99999976  0.97314489  0.99010682  0.99942148
   1.          0.76199669  1.00000095  0.77093023]
 [ 1.          1.00026679  1.          0.99838269  0.97865802  0.99912918
   1.          0.81158847  1.00000119  0.92760968]
 [ 1.          0.95877409  1.00000012  0.99930811  0.96039534  0.99996567
   1.          1.07752073  1.00000012  1.0482738 ]
 [ 1.          1.          1.          0.99998742  0.95707119  0.99871397
   1.          0.9348141   1.00000012  0.97133213]
 [ 1.          1.          0.9999994   0.99999452  0.99789572  1.08989727
   1.          0.78329664  1.00005305  0.95815134]
 [ 1.04400527  1.          0.99998176  0.99999976  1.00028098  0.94433081
   1.          0.9546597   0.99998444  0.85990989]
 [ 0.94143134  1.          1.02068615  1.00000226  1.01535642  0.99588847
   1.          0.64346033  1.          0.88361722]
 [ 0.96164501  1.          1.00000024  1.          1.00267601  1.00101089
   1.          1.06316304  1.          1.00492847]
 [ 1.          1.          1.          1.          1.          1.          1.
   1.          1.          1.        ]
 [ 1.          1.          1.          1.          1.          1.          1.
   1.          1.          1.        ]
 [ 1.          1.          1.          1.          1.          1.          1.
   1.          1.          1.        ]
 [ 1.          1.          1.          1.          1.          1.          1.
   1.          1.          1.        ]]
